{
  "subject_id": "S01",
  "data_info": {
    "duration": 305.5005,
    "sampling_rate": 2000
  },
  "quality_metrics": {
    "channel_0": {
      "snr_db": -65.99328516852475,
      "rms": 0.28534767218189616,
      "peak_to_peak": 1.0368993172655896
    },
    "channel_1": {
      "snr_db": -66.25307307988851,
      "rms": 0.17020779106879572,
      "peak_to_peak": 1.0377693209718168
    },
    "channel_2": {
      "snr_db": -67.45667267814318,
      "rms": 0.30083939833534573,
      "peak_to_peak": 0.9909856371986928
    },
    "channel_3": {
      "snr_db": -66.92100678711881,
      "rms": 0.20538594164320473,
      "peak_to_peak": 1.0727843105327162
    },
    "channel_4": {
      "snr_db": -66.64584878812238,
      "rms": 0.2863187750270772,
      "peak_to_peak": 1.0299809552730488
    },
    "channel_5": {
      "snr_db": -65.62126493491068,
      "rms": 0.263824045345114,
      "peak_to_peak": 1.0498773962689687
    },
    "channel_6": {
      "snr_db": -66.04209689815758,
      "rms": 0.21171999570731512,
      "peak_to_peak": 1.0368714015571372
    },
    "channel_7": {
      "snr_db": -66.30109385693504,
      "rms": 0.2234269969270269,
      "peak_to_peak": 1.0001967549281516
    },
    "channel_8": {
      "snr_db": -67.4776806070202,
      "rms": 0.26869879960903187,
      "peak_to_peak": 0.9745017467629827
    },
    "channel_9": {
      "snr_db": -65.23073739670821,
      "rms": 0.2890983422194835,
      "peak_to_peak": 1.0266679263234986
    }
  },
  "n_cycles": 278,
  "coherence": {
    "delta": [
      [
        1.0,
        0.030406527310380477,
        0.16598567547251158,
        0.1833234717156609,
        0.2375851323034183,
        0.14338280738966583,
        0.24213319659504862,
        0.049768488249933594,
        0.1078765945605886,
        0.04296097996150864
      ],
      [
        0.030406527310380477,
        1.0,
        0.0009548668154783129,
        0.02967550857921367,
        0.006744969678454096,
        0.24509601660187982,
        0.002703977434211251,
        0.14350743861063608,
        0.09615631135182129,
        0.09423152540891001
      ],
      [
        0.16598567547251158,
        0.0009548668154783129,
        1.0,
        0.1360062402749637,
        0.5608624650000332,
        0.04983936729704429,
        0.1256711256103226,
        0.015178433047254771,
        0.0074961140756502065,
        0.009755146702477777
      ],
      [
        0.1833234717156609,
        0.02967550857921367,
        0.1360062402749637,
        1.0,
        0.22527334607355862,
        0.053429726952037,
        0.11987789039249454,
        0.0005338357464206614,
        0.023902373216075336,
        0.0002786290114242043
      ],
      [
        0.2375851323034183,
        0.006744969678454096,
        0.5608624650000332,
        0.22527334607355862,
        1.0,
        0.04146768633306171,
        0.1513917184097876,
        0.02037115150143267,
        0.010528004572482675,
        0.01613603083707469
      ],
      [
        0.14338280738966583,
        0.24509601660187982,
        0.04983936729704429,
        0.053429726952037,
        0.04146768633306171,
        1.0,
        0.012579221019430759,
        0.23709952419663097,
        0.1831868232291089,
        0.17917139705574645
      ],
      [
        0.24213319659504862,
        0.002703977434211251,
        0.1256711256103226,
        0.11987789039249454,
        0.1513917184097876,
        0.012579221019430759,
        1.0,
        0.0010694818281069773,
        0.10692410748993839,
        0.004551168940445259
      ],
      [
        0.049768488249933594,
        0.14350743861063608,
        0.015178433047254771,
        0.0005338357464206614,
        0.02037115150143267,
        0.23709952419663097,
        0.0010694818281069773,
        1.0,
        0.1845002247571192,
        0.5993488500344386
      ],
      [
        0.1078765945605886,
        0.09615631135182129,
        0.0074961140756502065,
        0.023902373216075336,
        0.010528004572482675,
        0.1831868232291089,
        0.10692410748993839,
        0.1845002247571192,
        1.0,
        0.19024255153342268
      ],
      [
        0.04296097996150864,
        0.09423152540891001,
        0.009755146702477777,
        0.0002786290114242043,
        0.01613603083707469,
        0.17917139705574645,
        0.004551168940445259,
        0.5993488500344386,
        0.19024255153342268,
        1.0
      ]
    ],
    "theta": [
      [
        1.0,
        0.0472354781108987,
        0.1671481646660335,
        0.21847747052235705,
        0.20767619830006126,
        0.0938810695537555,
        0.33514912375242806,
        0.032621344534105604,
        0.10094095602021526,
        0.02496527469725883
      ],
      [
        0.0472354781108987,
        1.0,
        0.00013656642232480506,
        0.04412190768429124,
        0.01156820605927734,
        0.26407027158521296,
        0.0034498406129215894,
        0.15632012102694118,
        0.19088384721994966,
        0.12036367943987995
      ],
      [
        0.1671481646660335,
        0.00013656642232480506,
        1.0,
        0.14300603171892312,
        0.44123565138958953,
        0.0385743391120289,
        0.11178877896381234,
        0.007811944478195054,
        0.005266193273796369,
        0.0032614918205447186
      ],
      [
        0.21847747052235705,
        0.04412190768429124,
        0.14300603171892312,
        1.0,
        0.19526506818270772,
        0.04767167530553849,
        0.21850049179526992,
        0.00028621775186369783,
        0.055912983820817524,
        0.0011884778793631785
      ],
      [
        0.20767619830006126,
        0.01156820605927734,
        0.44123565138958953,
        0.19526506818270772,
        1.0,
        0.02220343441140949,
        0.1908152198241437,
        0.015231717187329618,
        0.0048520783456380496,
        0.00713891767669117
      ],
      [
        0.0938810695537555,
        0.26407027158521296,
        0.0385743391120289,
        0.04767167530553849,
        0.02220343441140949,
        1.0,
        0.020541786211462205,
        0.19184124306797118,
        0.2597553183364768,
        0.1383927351844293
      ],
      [
        0.33514912375242806,
        0.0034498406129215894,
        0.11178877896381234,
        0.21850049179526992,
        0.1908152198241437,
        0.020541786211462205,
        1.0,
        0.0033355278816821743,
        0.11513964626910436,
        0.0037178761162523417
      ],
      [
        0.032621344534105604,
        0.15632012102694118,
        0.007811944478195054,
        0.00028621775186369783,
        0.015231717187329618,
        0.19184124306797118,
        0.0033355278816821743,
        1.0,
        0.14916240782690288,
        0.48806866964473455
      ],
      [
        0.10094095602021526,
        0.19088384721994966,
        0.005266193273796369,
        0.055912983820817524,
        0.0048520783456380496,
        0.2597553183364768,
        0.11513964626910436,
        0.14916240782690288,
        1.0,
        0.12682867039930798
      ],
      [
        0.02496527469725883,
        0.12036367943987995,
        0.0032614918205447186,
        0.0011884778793631785,
        0.00713891767669117,
        0.1383927351844293,
        0.0037178761162523417,
        0.48806866964473455,
        0.12682867039930798,
        1.0
      ]
    ],
    "alpha": [
      [
        1.0,
        0.011072097876022279,
        0.13988529594210644,
        0.15345582743933187,
        0.15553632340402299,
        0.1394945666221871,
        0.11393719696620645,
        0.04028498615242246,
        0.09348820391445595,
        0.044028729630577114
      ],
      [
        0.011072097876022279,
        1.0,
        0.021191467492804757,
        0.031540730241159116,
        0.0216505496657545,
        0.0607273025457092,
        0.01752948856938151,
        0.12315379665075728,
        0.08655349813225922,
        0.12145869504911745
      ],
      [
        0.13988529594210644,
        0.021191467492804757,
        1.0,
        0.2031051229125229,
        0.5658976585465518,
        0.0392551778688491,
        0.08258769373910649,
        0.018436236407297687,
        0.022584310735875572,
        0.013980907820597646
      ],
      [
        0.15345582743933187,
        0.031540730241159116,
        0.2031051229125229,
        1.0,
        0.27810655986867516,
        0.08059922704559104,
        0.1665948654972826,
        0.00331640037367994,
        0.009644896852086365,
        0.002243735767041863
      ],
      [
        0.15553632340402299,
        0.0216505496657545,
        0.5658976585465518,
        0.27810655986867516,
        1.0,
        0.08598083603009585,
        0.17585511479826652,
        0.015287049788961176,
        0.030641932473393103,
        0.011603007888569347
      ],
      [
        0.1394945666221871,
        0.0607273025457092,
        0.0392551778688491,
        0.08059922704559104,
        0.08598083603009585,
        1.0,
        0.021309018744531626,
        0.16755018204112174,
        0.16380012904089458,
        0.14119707234198295
      ],
      [
        0.11393719696620645,
        0.01752948856938151,
        0.08258769373910649,
        0.1665948654972826,
        0.17585511479826652,
        0.021309018744531626,
        1.0,
        0.0038313348818493275,
        0.09676472077728185,
        0.0026446150968311203
      ],
      [
        0.04028498615242246,
        0.12315379665075728,
        0.018436236407297687,
        0.00331640037367994,
        0.015287049788961176,
        0.16755018204112174,
        0.0038313348818493275,
        1.0,
        0.24162848682871368,
        0.6309714216453499
      ],
      [
        0.09348820391445595,
        0.08655349813225922,
        0.022584310735875572,
        0.009644896852086365,
        0.030641932473393103,
        0.16380012904089458,
        0.09676472077728185,
        0.24162848682871368,
        1.0,
        0.24110331338027186
      ],
      [
        0.044028729630577114,
        0.12145869504911745,
        0.013980907820597646,
        0.002243735767041863,
        0.011603007888569347,
        0.14119707234198295,
        0.0026446150968311203,
        0.6309714216453499,
        0.24110331338027186,
        1.0
      ]
    ],
    "beta": [
      [
        1.0,
        0.036477823629235955,
        0.1932800436339412,
        0.139472337254116,
        0.22898069221068312,
        0.24541545388935335,
        0.06005023135710909,
        0.04415151046590985,
        0.1865852289150771,
        0.053430127325445394
      ],
      [
        0.036477823629235955,
        1.0,
        0.012005808284798414,
        0.014450772138332296,
        0.009946326897634552,
        0.04129192986243802,
        0.011227248806637374,
        0.09140911749589065,
        0.18547375250984588,
        0.10442216311225126
      ],
      [
        0.1932800436339412,
        0.012005808284798414,
        1.0,
        0.3085344443200323,
        0.7645521158941063,
        0.06422738188329441,
        0.09504276587844582,
        0.021524827408390085,
        0.02462044919817332,
        0.012052097043162945
      ],
      [
        0.139472337254116,
        0.014450772138332296,
        0.3085344443200323,
        1.0,
        0.39824971425787337,
        0.16709110398326596,
        0.23022913719253235,
        0.0025456221028247266,
        0.012212863919839525,
        0.001103400416010644
      ],
      [
        0.22898069221068312,
        0.009946326897634552,
        0.7645521158941063,
        0.39824971425787337,
        1.0,
        0.091588315028292,
        0.13776166541627424,
        0.014472476759244905,
        0.023230722656011553,
        0.006499180138691344
      ],
      [
        0.24541545388935335,
        0.04129192986243802,
        0.06422738188329441,
        0.16709110398326596,
        0.091588315028292,
        1.0,
        0.07905617170501739,
        0.20074730083090497,
        0.12656244059888272,
        0.17112470680249722
      ],
      [
        0.06005023135710909,
        0.011227248806637374,
        0.09504276587844582,
        0.23022913719253235,
        0.13776166541627424,
        0.07905617170501739,
        1.0,
        0.0031792327446098782,
        0.07831936260123376,
        0.003734636149239178
      ],
      [
        0.04415151046590985,
        0.09140911749589065,
        0.021524827408390085,
        0.0025456221028247266,
        0.014472476759244905,
        0.20074730083090497,
        0.0031792327446098782,
        1.0,
        0.3059076917218454,
        0.7945969216838156
      ],
      [
        0.1865852289150771,
        0.18547375250984588,
        0.02462044919817332,
        0.012212863919839525,
        0.023230722656011553,
        0.12656244059888272,
        0.07831936260123376,
        0.3059076917218454,
        1.0,
        0.34131254808227723
      ],
      [
        0.053430127325445394,
        0.10442216311225126,
        0.012052097043162945,
        0.001103400416010644,
        0.006499180138691344,
        0.17112470680249722,
        0.003734636149239178,
        0.7945969216838156,
        0.34131254808227723,
        1.0
      ]
    ],
    "gamma": [
      [
        1.0,
        0.05653320605961831,
        0.19833233729359487,
        0.12322447448080613,
        0.2366331851824693,
        0.25342032906186784,
        0.018114696779360243,
        0.03221748450582506,
        0.19112320780499242,
        0.04542636716705718
      ],
      [
        0.05653320605961831,
        1.0,
        0.004429332872014201,
        0.009821125028906665,
        0.0030455695093204683,
        0.012690760799686849,
        0.009601504600988091,
        0.033572662674587236,
        0.19000611377737198,
        0.052582251406455324
      ],
      [
        0.19833233729359487,
        0.004429332872014201,
        1.0,
        0.3118074185761946,
        0.7886870128558408,
        0.05264030142163807,
        0.044310741596659,
        0.018347288679589978,
        0.013434580455337863,
        0.008272801884924384
      ],
      [
        0.12322447448080613,
        0.009821125028906665,
        0.3118074185761946,
        1.0,
        0.40382007248770363,
        0.1820687474799275,
        0.21164178218042565,
        0.0011878066843986521,
        0.008443230292631072,
        0.0004176574880089555
      ],
      [
        0.2366331851824693,
        0.0030455695093204683,
        0.7886870128558408,
        0.40382007248770363,
        1.0,
        0.07697954240752228,
        0.07561312813554635,
        0.010652747589979092,
        0.009814872118040613,
        0.003155144126956999
      ],
      [
        0.25342032906186784,
        0.012690760799686849,
        0.05264030142163807,
        0.1820687474799275,
        0.07697954240752228,
        1.0,
        0.11386678744201759,
        0.19979993553118955,
        0.1142401071239395,
        0.17484399230995357
      ],
      [
        0.018114696779360243,
        0.009601504600988091,
        0.044310741596659,
        0.21164178218042565,
        0.07561312813554635,
        0.11386678744201759,
        1.0,
        0.0021814060035044804,
        0.06587393644772979,
        0.004055582231364438
      ],
      [
        0.03221748450582506,
        0.033572662674587236,
        0.018347288679589978,
        0.0011878066843986521,
        0.010652747589979092,
        0.19979993553118955,
        0.0021814060035044804,
        1.0,
        0.2878093319908241,
        0.8141738698447553
      ],
      [
        0.19112320780499242,
        0.19000611377737198,
        0.013434580455337863,
        0.008443230292631072,
        0.009814872118040613,
        0.1142401071239395,
        0.06587393644772979,
        0.2878093319908241,
        1.0,
        0.33709013352155526
      ],
      [
        0.04542636716705718,
        0.052582251406455324,
        0.008272801884924384,
        0.0004176574880089555,
        0.003155144126956999,
        0.17484399230995357,
        0.004055582231364438,
        0.8141738698447553,
        0.33709013352155526,
        1.0
      ]
    ],
    "full": [
      [
        1.0,
        0.04213061195559365,
        0.1849066671197617,
        0.14712245867796198,
        0.22595934469738463,
        0.2129926701401559,
        0.09724054794107456,
        0.03924129012147384,
        0.16247225413393226,
        0.045828331491378514
      ],
      [
        0.04213061195559365,
        1.0,
        0.007185205003488528,
        0.018609412983210786,
        0.007824757709160045,
        0.08027777929098984,
        0.009177215560170426,
        0.0846145060196515,
        0.16628273438323807,
        0.08545271806062302
      ],
      [
        0.1849066671197617,
        0.007185205003488528,
        1.0,
        0.2624075773340366,
        0.7023462898301414,
        0.053663022016641124,
        0.08057257657081865,
        0.01803390769319327,
        0.016038263940796535,
        0.009717314664874742
      ],
      [
        0.14712245867796198,
        0.018609412983210786,
        0.2624075773340366,
        1.0,
        0.34892442612834706,
        0.1395260391990696,
        0.2003058921345999,
        0.0015993701116674712,
        0.015725402634428308,
        0.0008070277517954465
      ],
      [
        0.22595934469738463,
        0.007824757709160045,
        0.7023462898301414,
        0.34892442612834706,
        1.0,
        0.07249004732756986,
        0.12296662106037035,
        0.014031901151233171,
        0.015272867013711212,
        0.007137417571458483
      ],
      [
        0.2129926701401559,
        0.08027777929098984,
        0.053663022016641124,
        0.1395260391990696,
        0.07249004732756986,
        1.0,
        0.0732744516173087,
        0.20273687342168636,
        0.14364456860390906,
        0.16897318387674323
      ],
      [
        0.09724054794107456,
        0.009177215560170426,
        0.08057257657081865,
        0.2003058921345999,
        0.12296662106037035,
        0.0732744516173087,
        1.0,
        0.0025330605704390282,
        0.08218459343614207,
        0.003898560372904068
      ],
      [
        0.03924129012147384,
        0.0846145060196515,
        0.01803390769319327,
        0.0015993701116674712,
        0.014031901151233171,
        0.20273687342168636,
        0.0025330605704390282,
        1.0,
        0.2632668285393352,
        0.7359226790244615
      ],
      [
        0.16247225413393226,
        0.16628273438323807,
        0.016038263940796535,
        0.015725402634428308,
        0.015272867013711212,
        0.14364456860390906,
        0.08218459343614207,
        0.2632668285393352,
        1.0,
        0.29223984206025466
      ],
      [
        0.045828331491378514,
        0.08545271806062302,
        0.009717314664874742,
        0.0008070277517954465,
        0.007137417571458483,
        0.16897318387674323,
        0.003898560372904068,
        0.7359226790244615,
        0.29223984206025466,
        1.0
      ]
    ]
  },
  "correlation": [
    [
      0.9999999999999999,
      -0.23233378518019057,
      0.3792975325709191,
      0.38309910000827474,
      0.5037919973734567,
      -0.43912809021569643,
      0.1470284414746447,
      -0.19426476637578863,
      -0.3871685700941836,
      -0.2262786311834355
    ],
    [
      -0.23233378518019057,
      1.0,
      -0.05365689788671449,
      0.01554399247543586,
      -0.08547315717250722,
      0.1318079132231432,
      -0.23798637769269046,
      0.07345097529418747,
      0.33005601531535145,
      0.16038391549299236
    ],
    [
      0.379297532570919,
      -0.05365689788671449,
      1.0,
      0.44466389219953173,
      0.7839850676832543,
      -0.24478668837767106,
      0.10897124522909823,
      -0.05429544005747017,
      -0.07453168210560238,
      -0.1215950691060834
    ],
    [
      0.3830991000082747,
      0.01554399247543586,
      0.4446638921995317,
      1.0,
      0.586294907445963,
      -0.3557708711734872,
      0.3618708108599912,
      -0.07810548367704973,
      -0.09571460987396323,
      -0.1368872024747607
    ],
    [
      0.5037919973734567,
      -0.08547315717250722,
      0.7839850676832544,
      0.5862949074459631,
      1.0,
      -0.28905880498721415,
      0.231614390270818,
      -0.1252998069800387,
      -0.12098033093786914,
      -0.17995353878595982
    ],
    [
      -0.4391280902156964,
      0.1318079132231432,
      -0.2447866883776711,
      -0.3557708711734872,
      -0.28905880498721415,
      1.0,
      -0.34764970348707547,
      0.4447031014721086,
      0.43361290205510983,
      0.4267641705419265
    ],
    [
      0.1470284414746447,
      -0.23798637769269043,
      0.10897124522909823,
      0.3618708108599912,
      0.23161439027081798,
      -0.34764970348707547,
      1.0,
      -0.10891616334451465,
      0.07465713614676156,
      -0.12753196649884374
    ],
    [
      -0.19426476637578866,
      0.07345097529418748,
      -0.05429544005747017,
      -0.07810548367704971,
      -0.1252998069800387,
      0.44470310147210856,
      -0.10891616334451465,
      1.0,
      0.4880034213103604,
      0.8863918956971408
    ],
    [
      -0.3871685700941836,
      0.33005601531535145,
      -0.07453168210560239,
      -0.09571460987396323,
      -0.12098033093786913,
      0.4336129020551099,
      0.07465713614676156,
      0.4880034213103604,
      1.0,
      0.5245644485379677
    ],
    [
      -0.2262786311834355,
      0.16038391549299238,
      -0.1215950691060834,
      -0.13688720247476072,
      -0.17995353878595982,
      0.4267641705419265,
      -0.12753196649884374,
      0.8863918956971408,
      0.5245644485379677,
      0.9999999999999999
    ]
  ],
  "mutual_information": [
    [
      0.0,
      0.6111007691158655,
      0.4081741031025236,
      0.3683579866530637,
      0.4625789216352812,
      0.5557296075736353,
      0.4032717013468307,
      0.3914281701692551,
      0.4508983811432439,
      0.38863815130293566
    ],
    [
      0.6111007691158655,
      0.0,
      0.35764392535444,
      0.3398177597607816,
      0.389021655056186,
      0.47387227996062753,
      0.42695082670921447,
      0.4019381209642915,
      0.4392919785340201,
      0.4473267233011871
    ],
    [
      0.4081741031025236,
      0.35764392535444,
      0.0,
      0.39812378846692575,
      0.7326174877525014,
      0.3314921792366569,
      0.36733281760868974,
      0.33096821567873225,
      0.33625631842640696,
      0.31502668023987473
    ],
    [
      0.3683579866530637,
      0.3398177597607816,
      0.39812378846692575,
      0.0,
      0.4526017680055097,
      0.38625609949912143,
      0.3965148668938707,
      0.31297232171135414,
      0.26225469730147777,
      0.2944866087257748
    ],
    [
      0.4625789216352812,
      0.389021655056186,
      0.7326174877525014,
      0.4526017680055097,
      0.0,
      0.41645490367874427,
      0.42037255867421114,
      0.3086720124995241,
      0.3124792327522455,
      0.34226141919719405
    ],
    [
      0.5557296075736353,
      0.47387227996062753,
      0.3314921792366569,
      0.38625609949912143,
      0.41645490367874427,
      0.0,
      0.6519586919728478,
      0.45068253663894997,
      0.40408022972611607,
      0.48502387575045486
    ],
    [
      0.4032717013468307,
      0.42695082670921447,
      0.36733281760868974,
      0.3965148668938707,
      0.42037255867421114,
      0.6519586919728478,
      0.0,
      0.38183195072636017,
      0.3747937815655618,
      0.3760421694468355
    ],
    [
      0.3914281701692551,
      0.4019381209642915,
      0.33096821567873225,
      0.31297232171135414,
      0.3086720124995241,
      0.45068253663894997,
      0.38183195072636017,
      0.0,
      0.42573677256653536,
      0.9999999998884397
    ],
    [
      0.4508983811432439,
      0.4392919785340201,
      0.33625631842640696,
      0.26225469730147777,
      0.3124792327522455,
      0.40408022972611607,
      0.3747937815655618,
      0.42573677256653536,
      0.0,
      0.4499476613168012
    ],
    [
      0.38863815130293566,
      0.4473267233011871,
      0.31502668023987473,
      0.2944866087257748,
      0.34226141919719405,
      0.48502387575045486,
      0.3760421694468355,
      0.9999999998884397,
      0.4499476613168012,
      0.0
    ]
  ],
  "network": {
    "global_metrics": {
      "n_nodes": 10,
      "n_edges": 11,
      "density": 0.24444444444444444,
      "is_connected": false,
      "diameter": 6,
      "average_path_length": 2.6666666666666665,
      "global_efficiency": 0.5398148148148149,
      "largest_component_size": 9,
      "avg_clustering": 0.4333333333333333,
      "transitivity": 0.5,
      "assortativity": -0.12820512820513,
      "small_worldness": 0.0,
      "modularity": 0.434326171282041
    },
    "nodal_metrics": {
      "LT_TA": {
        "degree": 3,
        "degree_centrality": 0.3333333333333333,
        "betweenness_centrality": 0.4444444444444444,
        "closeness_centrality": 0.4444444444444444,
        "eigenvector_centrality": 0.4493189039796025,
        "pagerank": 0.08920752229240958,
        "clustering": 0.3333333333333333
      },
      "LT_GL": {
        "degree": 0,
        "degree_centrality": 0.0,
        "betweenness_centrality": 0.0,
        "closeness_centrality": 0.0,
        "eigenvector_centrality": 1.3550134047787364e-36,
        "pagerank": 0.016393442622950824,
        "clustering": 0
      },
      "LT_RF": {
        "degree": 3,
        "degree_centrality": 0.3333333333333333,
        "betweenness_centrality": 0.1388888888888889,
        "closeness_centrality": 0.3950617283950617,
        "eigenvector_centrality": 0.5066993144762952,
        "pagerank": 0.14791086662701855,
        "clustering": 0.6666666666666666
      },
      "LT_HAM": {
        "degree": 3,
        "degree_centrality": 0.3333333333333333,
        "betweenness_centrality": 0.19444444444444442,
        "closeness_centrality": 0.3232323232323232,
        "eigenvector_centrality": 0.4283117036521658,
        "pagerank": 0.11813297764993082,
        "clustering": 0.3333333333333333
      },
      "LT_VL": {
        "degree": 3,
        "degree_centrality": 0.3333333333333333,
        "betweenness_centrality": 0.1388888888888889,
        "closeness_centrality": 0.3950617283950617,
        "eigenvector_centrality": 0.5066993144762952,
        "pagerank": 0.16383328386602575,
        "clustering": 0.6666666666666666
      },
      "RT_TA": {
        "degree": 2,
        "degree_centrality": 0.2222222222222222,
        "betweenness_centrality": 0.41666666666666663,
        "closeness_centrality": 0.4183006535947712,
        "eigenvector_centrality": 0.21416344552084532,
        "pagerank": 0.06419499368502342,
        "clustering": 0
      },
      "RT_GL": {
        "degree": 1,
        "degree_centrality": 0.1111111111111111,
        "betweenness_centrality": 0.0,
        "closeness_centrality": 0.24521072796934865,
        "eigenvector_centrality": 0.15677263847853345,
        "pagerank": 0.04117478465796044,
        "clustering": 0
      },
      "RT_RF": {
        "degree": 3,
        "degree_centrality": 0.3333333333333333,
        "betweenness_centrality": 0.3333333333333333,
        "closeness_centrality": 0.35555555555555557,
        "eigenvector_centrality": 0.13578320871034688,
        "pagerank": 0.15284290962348293,
        "clustering": 0.3333333333333333
      },
      "RT_HAM": {
        "degree": 2,
        "degree_centrality": 0.2222222222222222,
        "betweenness_centrality": 0.0,
        "closeness_centrality": 0.27350427350427353,
        "eigenvector_centrality": 0.0783980073697485,
        "pagerank": 0.0762673631452662,
        "clustering": 1.0
      },
      "RT_VL": {
        "degree": 2,
        "degree_centrality": 0.2222222222222222,
        "betweenness_centrality": 0.0,
        "closeness_centrality": 0.27350427350427353,
        "eigenvector_centrality": 0.0783980073697485,
        "pagerank": 0.13004185582993166,
        "clustering": 1.0
      }
    },
    "communities": {
      "LT_TA": 0,
      "LT_GL": 1,
      "LT_RF": 3,
      "LT_HAM": 3,
      "LT_VL": 3,
      "RT_TA": 0,
      "RT_GL": 3,
      "RT_RF": 2,
      "RT_HAM": 2,
      "RT_VL": 2
    }
  },
  "analysis_time": 129.0129909515381
}