{
  "subject_id": "S11",
  "data_info": {
    "duration": 259.4105,
    "sampling_rate": 2000
  },
  "quality_metrics": {
    "channel_0": {
      "snr_db": -65.6826007857838,
      "rms": 0.299026284120019,
      "peak_to_peak": 1.0342175620265082
    },
    "channel_1": {
      "snr_db": -66.15737386717964,
      "rms": 0.1941575953770301,
      "peak_to_peak": 1.0323156610261293
    },
    "channel_2": {
      "snr_db": -68.33861199083435,
      "rms": 0.16748298089935654,
      "peak_to_peak": 1.0370131463870844
    },
    "channel_3": {
      "snr_db": -66.964721791528,
      "rms": 0.23822522232404406,
      "peak_to_peak": 1.0009060135429224
    },
    "channel_4": {
      "snr_db": -65.59662369117379,
      "rms": 0.21291079748812095,
      "peak_to_peak": 0.998054197801116
    },
    "channel_5": {
      "snr_db": -66.37550616031442,
      "rms": 0.26173116143977293,
      "peak_to_peak": 1.0151359321523603
    },
    "channel_6": {
      "snr_db": -65.72953088243143,
      "rms": 0.26252190649737,
      "peak_to_peak": 1.0062608851379724
    },
    "channel_7": {
      "snr_db": -68.55916631133555,
      "rms": 0.2174069843857626,
      "peak_to_peak": 1.0428459278452376
    },
    "channel_8": {
      "snr_db": -65.62519506959634,
      "rms": 0.2436541476259972,
      "peak_to_peak": 1.039618195849398
    },
    "channel_9": {
      "snr_db": -66.64044042500149,
      "rms": 0.18574430736321781,
      "peak_to_peak": 1.0118578977824444
    }
  },
  "n_cycles": 246,
  "coherence": {
    "delta": [
      [
        1.0,
        0.03751364054290439,
        0.04856555914972299,
        0.07366253846322791,
        0.1572945939085186,
        0.14964896867055005,
        0.25686559610558446,
        0.06161186954915168,
        0.00394244534562945,
        0.02458193041399124
      ],
      [
        0.03751364054290439,
        1.0,
        0.053019852273060684,
        0.0304719678466143,
        0.007327863836161753,
        0.18148645826636187,
        0.010501716182733656,
        0.06732450713601124,
        0.05523515882376251,
        0.07001430195354415
      ],
      [
        0.04856555914972299,
        0.053019852273060684,
        1.0,
        0.0541523098501218,
        0.22576638124566684,
        0.033808583876405555,
        0.0575301949585911,
        0.009298404749598126,
        0.031989930088246604,
        0.04498639279082588
      ],
      [
        0.07366253846322791,
        0.0304719678466143,
        0.0541523098501218,
        1.0,
        0.31166984683336274,
        0.06225673800347301,
        0.10079821963986499,
        0.0648910363629222,
        0.019832574225281483,
        0.011274912864477252
      ],
      [
        0.1572945939085186,
        0.007327863836161753,
        0.22576638124566684,
        0.31166984683336274,
        1.0,
        0.053800743299218245,
        0.1399801147979485,
        0.0400837857952325,
        0.005845899920777551,
        0.009251917096554327
      ],
      [
        0.14964896867055005,
        0.18148645826636187,
        0.033808583876405555,
        0.06225673800347301,
        0.053800743299218245,
        1.0,
        0.019903300972755646,
        0.11896473095684384,
        0.026629159781879023,
        0.07295003958979238
      ],
      [
        0.25686559610558446,
        0.010501716182733656,
        0.0575301949585911,
        0.10079821963986499,
        0.1399801147979485,
        0.019903300972755646,
        1.0,
        0.0331907841610175,
        0.00039173170926170523,
        0.043672001315278916
      ],
      [
        0.06161186954915168,
        0.06732450713601124,
        0.009298404749598126,
        0.0648910363629222,
        0.0400837857952325,
        0.11896473095684384,
        0.0331907841610175,
        1.0,
        0.11380767868918086,
        0.2335855094185812
      ],
      [
        0.00394244534562945,
        0.05523515882376251,
        0.031989930088246604,
        0.019832574225281483,
        0.005845899920777551,
        0.026629159781879023,
        0.00039173170926170523,
        0.11380767868918086,
        1.0,
        0.11372413608419357
      ],
      [
        0.02458193041399124,
        0.07001430195354415,
        0.04498639279082588,
        0.011274912864477252,
        0.009251917096554327,
        0.07295003958979238,
        0.043672001315278916,
        0.2335855094185812,
        0.11372413608419357,
        1.0
      ]
    ],
    "theta": [
      [
        1.0,
        0.030068826010440964,
        0.06956923948677783,
        0.07397646344887304,
        0.1767330731957214,
        0.11336481362147524,
        0.3494907812943689,
        0.14515059374150427,
        0.015389046089603871,
        0.02703212355536646
      ],
      [
        0.030068826010440964,
        1.0,
        0.041299373805713024,
        0.025063486344461136,
        0.009496670614707948,
        0.2298255502276234,
        0.00843926899258764,
        0.08791883073931006,
        0.002056746389306945,
        0.08650486771779947
      ],
      [
        0.06956923948677783,
        0.041299373805713024,
        1.0,
        0.045208948015721784,
        0.21056712030028368,
        0.08695603735356991,
        0.07016820651562218,
        0.014563170463439612,
        0.04242255923178215,
        0.05959177554206369
      ],
      [
        0.07397646344887304,
        0.025063486344461136,
        0.045208948015721784,
        1.0,
        0.240275771406044,
        0.061052376364814,
        0.05457202122075939,
        0.09776205173491481,
        0.0020439497505301747,
        0.0019833151621283674
      ],
      [
        0.1767330731957214,
        0.009496670614707948,
        0.21056712030028368,
        0.240275771406044,
        1.0,
        0.045515339566227116,
        0.165422372734368,
        0.06758558241307681,
        0.0002978668222700567,
        0.004806629213168404
      ],
      [
        0.11336481362147524,
        0.2298255502276234,
        0.08695603735356991,
        0.061052376364814,
        0.045515339566227116,
        1.0,
        0.037768474851960755,
        0.11778526569793112,
        0.0352153123737416,
        0.06920165773171137
      ],
      [
        0.3494907812943689,
        0.00843926899258764,
        0.07016820651562218,
        0.05457202122075939,
        0.165422372734368,
        0.037768474851960755,
        1.0,
        0.04477331265570939,
        0.0012660319820274437,
        0.04619833897767417
      ],
      [
        0.14515059374150427,
        0.08791883073931006,
        0.014563170463439612,
        0.09776205173491481,
        0.06758558241307681,
        0.11778526569793112,
        0.04477331265570939,
        1.0,
        0.07595546122148536,
        0.19279766101292842
      ],
      [
        0.015389046089603871,
        0.002056746389306945,
        0.04242255923178215,
        0.0020439497505301747,
        0.0002978668222700567,
        0.0352153123737416,
        0.0012660319820274437,
        0.07595546122148536,
        1.0,
        0.07167221792528371
      ],
      [
        0.02703212355536646,
        0.08650486771779947,
        0.05959177554206369,
        0.0019833151621283674,
        0.004806629213168404,
        0.06920165773171137,
        0.04619833897767417,
        0.19279766101292842,
        0.07167221792528371,
        1.0
      ]
    ],
    "alpha": [
      [
        1.0,
        0.016577697371233626,
        0.08620212057390902,
        0.1353290100224721,
        0.18539127960282217,
        0.11470475829868622,
        0.10010674130297484,
        0.042251445872562556,
        0.021741837448125,
        0.013219567418083193
      ],
      [
        0.016577697371233626,
        1.0,
        0.0444748695493313,
        0.04273318782431209,
        0.0037785517921729087,
        0.12843661298086112,
        0.025471309295034814,
        0.14868382319946238,
        0.2059477236232534,
        0.10960819748494864
      ],
      [
        0.08620212057390902,
        0.0444748695493313,
        1.0,
        0.06915873330853704,
        0.22100843161391845,
        0.023766022590764716,
        0.11499251930194784,
        0.027066881749847022,
        0.07548649881509473,
        0.07392059366916696
      ],
      [
        0.1353290100224721,
        0.04273318782431209,
        0.06915873330853704,
        1.0,
        0.3930618449105559,
        0.06444056311354193,
        0.24940395371338248,
        0.12121556453916232,
        0.029215785800236878,
        0.022314901162646866
      ],
      [
        0.18539127960282217,
        0.0037785517921729087,
        0.22100843161391845,
        0.3930618449105559,
        1.0,
        0.0390379240080728,
        0.18936903713503653,
        0.06575681873994638,
        0.015063668103889016,
        0.016118363501933488
      ],
      [
        0.11470475829868622,
        0.12843661298086112,
        0.023766022590764716,
        0.06444056311354193,
        0.0390379240080728,
        1.0,
        0.008961503735819637,
        0.19184303240059405,
        0.08016054794084479,
        0.08513991875679493
      ],
      [
        0.10010674130297484,
        0.025471309295034814,
        0.11499251930194784,
        0.24940395371338248,
        0.18936903713503653,
        0.008961503735819637,
        1.0,
        0.010337816251925746,
        0.005751622327292233,
        0.023065668254905684
      ],
      [
        0.042251445872562556,
        0.14868382319946238,
        0.027066881749847022,
        0.12121556453916232,
        0.06575681873994638,
        0.19184303240059405,
        0.010337816251925746,
        1.0,
        0.10673194104508131,
        0.30123108727127196
      ],
      [
        0.021741837448125,
        0.2059477236232534,
        0.07548649881509473,
        0.029215785800236878,
        0.015063668103889016,
        0.08016054794084479,
        0.005751622327292233,
        0.10673194104508131,
        1.0,
        0.19509123870930611
      ],
      [
        0.013219567418083193,
        0.10960819748494864,
        0.07392059366916696,
        0.022314901162646866,
        0.016118363501933488,
        0.08513991875679493,
        0.023065668254905684,
        0.30123108727127196,
        0.19509123870930611,
        1.0
      ]
    ],
    "beta": [
      [
        1.0,
        0.00423279914103131,
        0.1141358704670723,
        0.19449730468670803,
        0.2709843511614444,
        0.12606290620856717,
        0.06415385653913784,
        0.03349175138855199,
        0.05622473570874135,
        0.01771180693222615
      ],
      [
        0.00423279914103131,
        1.0,
        0.08482657992064987,
        0.025990581571127627,
        0.0007927856915373654,
        0.08516350795340275,
        0.022354717233374715,
        0.12124702514193336,
        0.4564503770549053,
        0.162683040354552
      ],
      [
        0.1141358704670723,
        0.08482657992064987,
        1.0,
        0.07662221773545144,
        0.24889389890202207,
        0.03097483272375054,
        0.06745718200255406,
        0.10773505919129098,
        0.058026350193563524,
        0.08050348833707655
      ],
      [
        0.19449730468670803,
        0.025990581571127627,
        0.07662221773545144,
        1.0,
        0.5762544327683998,
        0.10939545521668634,
        0.41635667997662,
        0.10484203015912871,
        0.014875062107254228,
        0.0276787649585362
      ],
      [
        0.2709843511614444,
        0.0007927856915373654,
        0.24889389890202207,
        0.5762544327683998,
        1.0,
        0.06316791314010078,
        0.2950076644720015,
        0.09524863874054555,
        0.004209234467542918,
        0.018354773459405938
      ],
      [
        0.12606290620856717,
        0.08516350795340275,
        0.03097483272375054,
        0.10939545521668634,
        0.06316791314010078,
        1.0,
        0.05512612735771634,
        0.21343152798009937,
        0.05945860328009446,
        0.09836016132508715
      ],
      [
        0.06415385653913784,
        0.022354717233374715,
        0.06745718200255406,
        0.41635667997662,
        0.2950076644720015,
        0.05512612735771634,
        1.0,
        0.03213244461592346,
        0.001097863459597263,
        0.012241715268103637
      ],
      [
        0.03349175138855199,
        0.12124702514193336,
        0.10773505919129098,
        0.10484203015912871,
        0.09524863874054555,
        0.21343152798009937,
        0.03213244461592346,
        1.0,
        0.13438017797404597,
        0.390705554338431
      ],
      [
        0.05622473570874135,
        0.4564503770549053,
        0.058026350193563524,
        0.014875062107254228,
        0.004209234467542918,
        0.05945860328009446,
        0.001097863459597263,
        0.13438017797404597,
        1.0,
        0.30148680292118335
      ],
      [
        0.01771180693222615,
        0.162683040354552,
        0.08050348833707655,
        0.0276787649585362,
        0.018354773459405938,
        0.09836016132508715,
        0.012241715268103637,
        0.390705554338431,
        0.30148680292118335,
        1.0
      ]
    ],
    "gamma": [
      [
        1.0,
        0.012048359667471106,
        0.11307273774664628,
        0.20422223428536004,
        0.28419016491572424,
        0.11277418547220756,
        0.03543080567723166,
        0.023279002838707187,
        0.06903135051054758,
        0.016194869762483893
      ],
      [
        0.012048359667471106,
        1.0,
        0.0828631337853858,
        0.017510946785512158,
        0.0005791729493413067,
        0.02975469262530785,
        0.02272272277504058,
        0.05579676222000842,
        0.4969724802290302,
        0.1394911859179126
      ],
      [
        0.11307273774664628,
        0.0828631337853858,
        1.0,
        0.06091955968025324,
        0.24187381591430332,
        0.03263060274572147,
        0.023800844203249072,
        0.12736485398119327,
        0.02201270118770298,
        0.05470536851574091
      ],
      [
        0.20422223428536004,
        0.017510946785512158,
        0.06091955968025324,
        1.0,
        0.5982169399882294,
        0.10808918999320524,
        0.42850918995716747,
        0.06346663569086097,
        0.008541537712188641,
        0.023178444923709542
      ],
      [
        0.28419016491572424,
        0.0005791729493413067,
        0.24187381591430332,
        0.5982169399882294,
        1.0,
        0.0635623457100677,
        0.27369048783167277,
        0.07947365558045255,
        0.0014091995762435573,
        0.014220889869101378
      ],
      [
        0.11277418547220756,
        0.02975469262530785,
        0.03263060274572147,
        0.10808918999320524,
        0.0635623457100677,
        1.0,
        0.07644043791864003,
        0.18695514919548367,
        0.04079295182689407,
        0.09557879854071513
      ],
      [
        0.03543080567723166,
        0.02272272277504058,
        0.023800844203249072,
        0.42850918995716747,
        0.27369048783167277,
        0.07644043791864003,
        1.0,
        0.027165573164203937,
        0.0009412186786000431,
        0.00768816825940437
      ],
      [
        0.023279002838707187,
        0.05579676222000842,
        0.12736485398119327,
        0.06346663569086097,
        0.07947365558045255,
        0.18695514919548367,
        0.027165573164203937,
        1.0,
        0.11252286372744846,
        0.3935914857315258
      ],
      [
        0.06903135051054758,
        0.4969724802290302,
        0.02201270118770298,
        0.008541537712188641,
        0.0014091995762435573,
        0.04079295182689407,
        0.0009412186786000431,
        0.11252286372744846,
        1.0,
        0.3075052619665005
      ],
      [
        0.016194869762483893,
        0.1394911859179126,
        0.05470536851574091,
        0.023178444923709542,
        0.014220889869101378,
        0.09557879854071513,
        0.00768816825940437,
        0.3935914857315258,
        0.3075052619665005,
        1.0
      ]
    ],
    "full": [
      [
        1.0,
        0.015295907643766472,
        0.09806228068935795,
        0.16582545696703332,
        0.24473859767999845,
        0.12273000472742832,
        0.10746908995009402,
        0.04315290757385492,
        0.0473131899705147,
        0.018556702180212013
      ],
      [
        0.015295907643766472,
        1.0,
        0.0727258412700534,
        0.024635205390313317,
        0.002615227507081566,
        0.09312789036010448,
        0.01984203795859935,
        0.08732489075989004,
        0.3560875920788353,
        0.1295638277013544
      ],
      [
        0.09806228068935795,
        0.0727258412700534,
        1.0,
        0.06413530541289034,
        0.2375425376603954,
        0.03579935171698117,
        0.05300415882778568,
        0.08676856679873947,
        0.040312140379703015,
        0.06300199620922255
      ],
      [
        0.16582545696703332,
        0.024635205390313317,
        0.06413530541289034,
        1.0,
        0.5040599800767749,
        0.09446416817831335,
        0.3318111603004761,
        0.08349699908390318,
        0.013317909307022317,
        0.02103502511587864
      ],
      [
        0.24473859767999845,
        0.002615227507081566,
        0.2375425376603954,
        0.5040599800767749,
        1.0,
        0.058664471637190616,
        0.24486421050089777,
        0.07629790812368717,
        0.0039181746553156645,
        0.014150182314718552
      ],
      [
        0.12273000472742832,
        0.09312789036010448,
        0.03579935171698117,
        0.09446416817831335,
        0.058664471637190616,
        1.0,
        0.0530187138121044,
        0.17969689368538683,
        0.04695641170255328,
        0.09012125335938581
      ],
      [
        0.10746908995009402,
        0.01984203795859935,
        0.05300415882778568,
        0.3318111603004761,
        0.24486421050089777,
        0.0530187138121044,
        1.0,
        0.02968079550110644,
        0.001299897304556335,
        0.018770439402505695
      ],
      [
        0.04315290757385492,
        0.08732489075989004,
        0.08676856679873947,
        0.08349699908390318,
        0.07629790812368717,
        0.17969689368538683,
        0.02968079550110644,
        1.0,
        0.11618752232141191,
        0.3455368779332858
      ],
      [
        0.0473131899705147,
        0.3560875920788353,
        0.040312140379703015,
        0.013317909307022317,
        0.0039181746553156645,
        0.04695641170255328,
        0.001299897304556335,
        0.11618752232141191,
        1.0,
        0.24905271156309333
      ],
      [
        0.018556702180212013,
        0.1295638277013544,
        0.06300199620922255,
        0.02103502511587864,
        0.014150182314718552,
        0.09012125335938581,
        0.018770439402505695,
        0.3455368779332858,
        0.24905271156309333,
        1.0
      ]
    ]
  },
  "correlation": [
    [
      0.9999999999999999,
      -0.17242874221416882,
      0.3183856746795232,
      0.49727274843426117,
      0.5429181540959571,
      -0.2662841098439268,
      0.23545708278141964,
      0.07846054788992377,
      -0.3002807203422855,
      -0.15082128481980162
    ],
    [
      -0.17242874221416882,
      1.0,
      -0.2205561375674756,
      -0.08247552461567827,
      -0.1429464746816369,
      0.09591485975041707,
      -0.3022903809192176,
      0.17421069237434902,
      0.6540431942013321,
      0.3145699238921169
    ],
    [
      0.3183856746795232,
      -0.2205561375674756,
      1.0,
      0.23980826688590345,
      0.5483348813524025,
      0.10562925319609835,
      0.13707751751420247,
      0.22293191987782604,
      -0.05083340498881853,
      0.13364944419008995
    ],
    [
      0.49727274843426117,
      -0.08247552461567825,
      0.23980826688590345,
      1.0,
      0.6973160344716193,
      -0.30959768145908795,
      0.6086213361870436,
      0.10644680308427856,
      -0.16687717798379656,
      -0.035107611463142986
    ],
    [
      0.5429181540959571,
      -0.1429464746816369,
      0.5483348813524026,
      0.6973160344716194,
      1.0,
      -0.21499107208191962,
      0.4696770550345979,
      0.15417363440412832,
      -0.2074215917510446,
      -0.02148586457595973
    ],
    [
      -0.2662841098439268,
      0.09591485975041707,
      0.10562925319609835,
      -0.30959768145908795,
      -0.21499107208191962,
      1.0,
      -0.18366353631306162,
      0.3777397969885378,
      0.29422990502140783,
      0.38709167766232283
    ],
    [
      0.23545708278141964,
      -0.3022903809192176,
      0.13707751751420247,
      0.6086213361870436,
      0.4696770550345979,
      -0.18366353631306165,
      1.0,
      -0.1553687745340657,
      -0.24008655174406693,
      0.006444543142992847
    ],
    [
      0.07846054788992377,
      0.174210692374349,
      0.222931919877826,
      0.10644680308427858,
      0.15417363440412832,
      0.3777397969885378,
      -0.1553687745340657,
      0.9999999999999999,
      0.3223749343948211,
      0.623454799674987
    ],
    [
      -0.30028072034228553,
      0.6540431942013322,
      -0.05083340498881853,
      -0.16687717798379656,
      -0.2074215917510446,
      0.29422990502140783,
      -0.24008655174406693,
      0.3223749343948211,
      1.0,
      0.47956107059445613
    ],
    [
      -0.15082128481980164,
      0.3145699238921169,
      0.13364944419008995,
      -0.035107611463142986,
      -0.02148586457595973,
      0.3870916776623228,
      0.006444543142992848,
      0.623454799674987,
      0.4795610705944562,
      1.0
    ]
  ],
  "mutual_information": [
    [
      0.0,
      0.8239030692052879,
      0.5913260313962821,
      0.6181118099494823,
      0.7238823489992774,
      0.6599340143249822,
      0.579651338796739,
      0.5120534739462292,
      0.661610230901759,
      0.6510121733139617
    ],
    [
      0.8239030692052879,
      0.0,
      0.4853038984005617,
      0.4473825957160533,
      0.5173353854932334,
      0.483790516667979,
      0.6018611364413525,
      0.5887186299819299,
      0.8576948451892936,
      0.7405652748060229
    ],
    [
      0.5913260313962821,
      0.4853038984005617,
      0.0,
      0.5898176527431279,
      0.9543105832076199,
      0.4624556363728675,
      0.5441061014414383,
      0.4520782820057304,
      0.3982834415459638,
      0.4835897207173327
    ],
    [
      0.6181118099494823,
      0.4473825957160533,
      0.5898176527431279,
      0.0,
      0.9486608848475182,
      0.5610712229808186,
      0.7199119536092735,
      0.435841437496073,
      0.505106932336788,
      0.4786200812899305
    ],
    [
      0.7238823489992774,
      0.5173353854932334,
      0.9543105832076199,
      0.9486608848475182,
      0.0,
      0.5542511315403494,
      0.733753083193112,
      0.46613691943736035,
      0.5191760519548451,
      0.5506171921337049
    ],
    [
      0.6599340143249822,
      0.483790516667979,
      0.4624556363728675,
      0.5610712229808186,
      0.5542511315403494,
      0.0,
      0.8567445266089508,
      0.6045771520478348,
      0.5074685517949268,
      0.7415663355422509
    ],
    [
      0.579651338796739,
      0.6018611364413525,
      0.5441061014414383,
      0.7199119536092735,
      0.733753083193112,
      0.8567445266089508,
      0.0,
      0.5473199619195194,
      0.4942318560635774,
      0.581526931091188
    ],
    [
      0.5120534739462292,
      0.5887186299819299,
      0.4520782820057304,
      0.435841437496073,
      0.46613691943736035,
      0.6045771520478348,
      0.5473199619195194,
      0.0,
      0.5954907642145227,
      0.9999999998562268
    ],
    [
      0.661610230901759,
      0.8576948451892936,
      0.3982834415459638,
      0.505106932336788,
      0.5191760519548451,
      0.5074685517949268,
      0.4942318560635774,
      0.5954907642145227,
      0.0,
      0.802822405344607
    ],
    [
      0.6510121733139617,
      0.7405652748060229,
      0.4835897207173327,
      0.4786200812899305,
      0.5506171921337049,
      0.7415663355422509,
      0.581526931091188,
      0.9999999998562268,
      0.802822405344607,
      0.0
    ]
  ],
  "network": {
    "global_metrics": {
      "n_nodes": 10,
      "n_edges": 11,
      "density": 0.24444444444444444,
      "is_connected": false,
      "diameter": 2,
      "average_path_length": 1.4,
      "global_efficiency": 0.8,
      "largest_component_size": 5,
      "avg_clustering": 0.5333333333333333,
      "transitivity": 0.5294117647058824,
      "assortativity": -0.3750000000000002,
      "small_worldness": 0.0,
      "modularity": 0.4876930594752981
    },
    "nodal_metrics": {
      "LT_TA": {
        "degree": 2,
        "degree_centrality": 0.2222222222222222,
        "betweenness_centrality": 0.0,
        "closeness_centrality": 0.2962962962962963,
        "eigenvector_centrality": 0.4119172767577457,
        "pagerank": 0.0635328993940092,
        "clustering": 1.0
      },
      "LT_GL": {
        "degree": 2,
        "degree_centrality": 0.2222222222222222,
        "betweenness_centrality": 0.0,
        "closeness_centrality": 0.25396825396825395,
        "eigenvector_centrality": 1.4809177595766321e-05,
        "pagerank": 0.09217311153713947,
        "clustering": 1.0
      },
      "LT_RF": {
        "degree": 1,
        "degree_centrality": 0.1111111111111111,
        "betweenness_centrality": 0.0,
        "closeness_centrality": 0.25396825396825395,
        "eigenvector_centrality": 0.2169165777851403,
        "pagerank": 0.04332987187166894,
        "clustering": 0
      },
      "LT_HAM": {
        "degree": 3,
        "degree_centrality": 0.3333333333333333,
        "betweenness_centrality": 0.013888888888888888,
        "closeness_centrality": 0.35555555555555557,
        "eigenvector_centrality": 0.5236829439924442,
        "pagerank": 0.13747714535305672,
        "clustering": 0.6666666666666666
      },
      "LT_VL": {
        "degree": 4,
        "degree_centrality": 0.4444444444444444,
        "betweenness_centrality": 0.09722222222222221,
        "closeness_centrality": 0.4444444444444444,
        "eigenvector_centrality": 0.5825389993665957,
        "pagerank": 0.1727487003685893,
        "clustering": 0.3333333333333333
      },
      "RT_TA": {
        "degree": 1,
        "degree_centrality": 0.1111111111111111,
        "betweenness_centrality": 0.0,
        "closeness_centrality": 0.19753086419753085,
        "eigenvector_centrality": 4.60725092028498e-06,
        "pagerank": 0.047221251124129546,
        "clustering": 0
      },
      "RT_GL": {
        "degree": 2,
        "degree_centrality": 0.2222222222222222,
        "betweenness_centrality": 0.0,
        "closeness_centrality": 0.2962962962962963,
        "eigenvector_centrality": 0.4119172767577457,
        "pagerank": 0.08291138301267587,
        "clustering": 1.0
      },
      "RT_RF": {
        "degree": 2,
        "degree_centrality": 0.2222222222222222,
        "betweenness_centrality": 0.08333333333333333,
        "closeness_centrality": 0.2962962962962963,
        "eigenvector_centrality": 1.0201926675481346e-05,
        "pagerank": 0.11080200068395568,
        "clustering": 0
      },
      "RT_HAM": {
        "degree": 2,
        "degree_centrality": 0.2222222222222222,
        "betweenness_centrality": 0.0,
        "closeness_centrality": 0.25396825396825395,
        "eigenvector_centrality": 1.4809177595766321e-05,
        "pagerank": 0.11256586729771925,
        "clustering": 1.0
      },
      "RT_VL": {
        "degree": 3,
        "degree_centrality": 0.3333333333333333,
        "betweenness_centrality": 0.1111111111111111,
        "closeness_centrality": 0.35555555555555557,
        "eigenvector_centrality": 1.7983076737723303e-05,
        "pagerank": 0.13723776935705623,
        "clustering": 0.3333333333333333
      }
    },
    "communities": {
      "LT_TA": 0,
      "LT_GL": 1,
      "LT_RF": 0,
      "LT_HAM": 0,
      "LT_VL": 0,
      "RT_TA": 1,
      "RT_GL": 0,
      "RT_RF": 1,
      "RT_HAM": 1,
      "RT_VL": 1
    }
  },
  "analysis_time": 105.68773579597473
}