{
  "subject_id": "S17",
  "data_info": {
    "duration": 310.6205,
    "sampling_rate": 2000
  },
  "quality_metrics": {
    "channel_0": {
      "snr_db": -64.87637277183005,
      "rms": 0.30666025366597616,
      "peak_to_peak": 1.0598989970979205
    },
    "channel_1": {
      "snr_db": -66.68111200511,
      "rms": 0.21065437480008006,
      "peak_to_peak": 1.0294381938651687
    },
    "channel_2": {
      "snr_db": -66.80361450845754,
      "rms": 0.2979027122737701,
      "peak_to_peak": 1.020865112055957
    },
    "channel_3": {
      "snr_db": -67.07749955994291,
      "rms": 0.17409737588054874,
      "peak_to_peak": 1.0174101014785337
    },
    "channel_4": {
      "snr_db": -65.49717276830732,
      "rms": 0.2490627845057026,
      "peak_to_peak": 1.0448064970016304
    },
    "channel_5": {
      "snr_db": -64.17825429251315,
      "rms": 0.3498532438339983,
      "peak_to_peak": 1.0398912632138118
    },
    "channel_6": {
      "snr_db": -66.73382767298406,
      "rms": 0.19326432615702277,
      "peak_to_peak": 1.0019618927002085
    },
    "channel_7": {
      "snr_db": -67.8884211484056,
      "rms": 0.22509964345505584,
      "peak_to_peak": 1.0018254204750248
    },
    "channel_8": {
      "snr_db": -66.82258153006102,
      "rms": 0.1842494947862242,
      "peak_to_peak": 1.093757820285048
    },
    "channel_9": {
      "snr_db": -64.15950144810115,
      "rms": 0.29407370944766936,
      "peak_to_peak": 1.032491897526042
    }
  },
  "n_cycles": 2,
  "coherence": {
    "delta": [
      [
        1.0,
        0.011814904048659987,
        0.19172646484239825,
        0.13669752209402408,
        0.3356752902096865,
        0.22130700410970394,
        0.15499260202067808,
        0.11854454102281402,
        0.001047238973884598,
        0.05195182993174762
      ],
      [
        0.011814904048659987,
        1.0,
        0.0026636645408338604,
        0.0021236731119614626,
        0.004328494305741659,
        0.19003073126561687,
        0.0020245740381316744,
        0.0959971955088133,
        0.26338437794868086,
        0.09695938058543555
      ],
      [
        0.19172646484239825,
        0.0026636645408338604,
        1.0,
        0.047841746506404395,
        0.7052784819466693,
        0.11123157839775795,
        0.11586514239725129,
        0.06250128110192839,
        0.005573892583878883,
        0.009312194057077425
      ],
      [
        0.13669752209402408,
        0.0021236731119614626,
        0.047841746506404395,
        1.0,
        0.07433611917525186,
        0.0053370804324058135,
        0.15821062156550209,
        0.02859222673240742,
        0.0018835540240370382,
        0.00531565823027008
      ],
      [
        0.3356752902096865,
        0.004328494305741659,
        0.7052784819466693,
        0.07433611917525186,
        1.0,
        0.10715302562663626,
        0.15535432459478926,
        0.06355797039922496,
        0.0023439588606076747,
        0.002536102737989462
      ],
      [
        0.22130700410970394,
        0.19003073126561687,
        0.11123157839775795,
        0.0053370804324058135,
        0.10715302562663626,
        1.0,
        0.01622758831672829,
        0.17693155255986864,
        0.1428616481457886,
        0.14572702988319466
      ],
      [
        0.15499260202067808,
        0.0020245740381316744,
        0.11586514239725129,
        0.15821062156550209,
        0.15535432459478926,
        0.01622758831672829,
        1.0,
        0.016597857406942248,
        0.0011497702833597632,
        0.0007123015789746137
      ],
      [
        0.11854454102281402,
        0.0959971955088133,
        0.06250128110192839,
        0.02859222673240742,
        0.06355797039922496,
        0.17693155255986864,
        0.016597857406942248,
        1.0,
        0.036270972143098656,
        0.40088443432075743
      ],
      [
        0.001047238973884598,
        0.26338437794868086,
        0.005573892583878883,
        0.0018835540240370382,
        0.0023439588606076747,
        0.1428616481457886,
        0.0011497702833597632,
        0.036270972143098656,
        1.0,
        0.07832100070027087
      ],
      [
        0.05195182993174762,
        0.09695938058543555,
        0.009312194057077425,
        0.00531565823027008,
        0.002536102737989462,
        0.14572702988319466,
        0.0007123015789746137,
        0.40088443432075743,
        0.07832100070027087,
        1.0
      ]
    ],
    "theta": [
      [
        1.0,
        0.011469982938038187,
        0.2483689664386011,
        0.22239012445958325,
        0.4480212712076444,
        0.1625863965396735,
        0.3538236785598091,
        0.16254324698033792,
        0.011220072286575431,
        0.03039594859185309
      ],
      [
        0.011469982938038187,
        1.0,
        0.01374025662195658,
        0.0024193017671944573,
        0.0005437726594373064,
        0.3052826595664584,
        0.001502029144274064,
        0.07108324325312802,
        0.3158715642041349,
        0.12410904675128948
      ],
      [
        0.2483689664386011,
        0.01374025662195658,
        1.0,
        0.02756843804764849,
        0.6274985472888207,
        0.1322212979580319,
        0.13432688431031212,
        0.04963034584821813,
        0.014537400314729308,
        0.01000172497990563
      ],
      [
        0.22239012445958325,
        0.0024193017671944573,
        0.02756843804764849,
        1.0,
        0.04706548837364144,
        0.0013171394481554593,
        0.1451925656332831,
        0.030498873305740394,
        0.0051040553496070565,
        0.005783310646585588
      ],
      [
        0.4480212712076444,
        0.0005437726594373064,
        0.6274985472888207,
        0.04706548837364144,
        1.0,
        0.11864099740670658,
        0.19695600909758723,
        0.12834310547802594,
        0.005448977897399776,
        0.0020495670871832584
      ],
      [
        0.1625863965396735,
        0.3052826595664584,
        0.1322212979580319,
        0.0013171394481554593,
        0.11864099740670658,
        1.0,
        0.032993887819854496,
        0.1376056852684168,
        0.10174091705381264,
        0.06527963005485252
      ],
      [
        0.3538236785598091,
        0.001502029144274064,
        0.13432688431031212,
        0.1451925656332831,
        0.19695600909758723,
        0.032993887819854496,
        1.0,
        0.03280883389186235,
        0.0008342704767180409,
        0.002362076351434148
      ],
      [
        0.16254324698033792,
        0.07108324325312802,
        0.04963034584821813,
        0.030498873305740394,
        0.12834310547802594,
        0.1376056852684168,
        0.03280883389186235,
        1.0,
        0.005093175297581818,
        0.25505514719491884
      ],
      [
        0.011220072286575431,
        0.3158715642041349,
        0.014537400314729308,
        0.0051040553496070565,
        0.005448977897399776,
        0.10174091705381264,
        0.0008342704767180409,
        0.005093175297581818,
        1.0,
        0.090934752745001
      ],
      [
        0.03039594859185309,
        0.12410904675128948,
        0.01000172497990563,
        0.005783310646585588,
        0.0020495670871832584,
        0.06527963005485252,
        0.002362076351434148,
        0.25505514719491884,
        0.090934752745001,
        1.0
      ]
    ],
    "alpha": [
      [
        1.0,
        0.011418306236961662,
        0.31034092898914495,
        0.06000890277470101,
        0.31254412117170255,
        0.3736632422408218,
        0.12164514650162021,
        0.03564468489484571,
        0.0007203495008609159,
        0.047002362587811625
      ],
      [
        0.011418306236961662,
        1.0,
        0.023497305104578186,
        0.00431061610305872,
        0.01135104453444709,
        0.0727671948704044,
        0.005650243879117177,
        0.14581183102064774,
        0.21420751681484826,
        0.18719899333283857
      ],
      [
        0.31034092898914495,
        0.023497305104578186,
        1.0,
        0.08901961563510438,
        0.6893967348230428,
        0.08555101719731954,
        0.13695690887408074,
        0.04991478989658778,
        0.06733606651580404,
        0.015950150915484067
      ],
      [
        0.06000890277470101,
        0.00431061610305872,
        0.08901961563510438,
        1.0,
        0.055485417934121574,
        0.01596427036196831,
        0.12569989932558895,
        0.023444511754500973,
        0.005321753369541848,
        0.014895916403588816
      ],
      [
        0.31254412117170255,
        0.01135104453444709,
        0.6893967348230428,
        0.055485417934121574,
        1.0,
        0.1345179452127399,
        0.10086110458318755,
        0.06827635452025826,
        0.03343249697994548,
        0.0006601615518310844
      ],
      [
        0.3736632422408218,
        0.0727671948704044,
        0.08555101719731954,
        0.01596427036196831,
        0.1345179452127399,
        1.0,
        0.013680141098759821,
        0.1843598376132381,
        0.006732967590315915,
        0.10442241915968835
      ],
      [
        0.12164514650162021,
        0.005650243879117177,
        0.13695690887408074,
        0.12569989932558895,
        0.10086110458318755,
        0.013680141098759821,
        1.0,
        0.004880277776687724,
        0.002098235262161711,
        0.001373887322321724
      ],
      [
        0.03564468489484571,
        0.14581183102064774,
        0.04991478989658778,
        0.023444511754500973,
        0.06827635452025826,
        0.1843598376132381,
        0.004880277776687724,
        1.0,
        0.13622105263505976,
        0.44682888049556485
      ],
      [
        0.0007203495008609159,
        0.21420751681484826,
        0.06733606651580404,
        0.005321753369541848,
        0.03343249697994548,
        0.006732967590315915,
        0.002098235262161711,
        0.13622105263505976,
        1.0,
        0.1299964573486866
      ],
      [
        0.047002362587811625,
        0.18719899333283857,
        0.015950150915484067,
        0.014895916403588816,
        0.0006601615518310844,
        0.10442241915968835,
        0.001373887322321724,
        0.44682888049556485,
        0.1299964573486866,
        1.0
      ]
    ],
    "beta": [
      [
        1.0,
        0.03938595946241431,
        0.36773005543161835,
        0.04140290171564338,
        0.3617395254375745,
        0.5060737184361784,
        0.09064739109002896,
        0.015512787481362107,
        0.029695645401485345,
        0.045776217535842795
      ],
      [
        0.03938595946241431,
        1.0,
        0.035091239663022106,
        0.002176619901656775,
        0.010517526754564363,
        0.049411151596020435,
        0.004233203944825961,
        0.1049725800229863,
        0.3584390070526805,
        0.12438671635663663
      ],
      [
        0.36773005543161835,
        0.035091239663022106,
        1.0,
        0.06991198498858134,
        0.848936072172028,
        0.05523428573766231,
        0.09148400790816916,
        0.07003377053211648,
        0.11773806427383118,
        0.0057089658046811835
      ],
      [
        0.04140290171564338,
        0.002176619901656775,
        0.06991198498858134,
        1.0,
        0.07349944321127935,
        0.04736600467567545,
        0.1729888649348051,
        0.07854360132513921,
        0.005707649431583246,
        0.047637876264103644
      ],
      [
        0.3617395254375745,
        0.010517526754564363,
        0.848936072172028,
        0.07349944321127935,
        1.0,
        0.09701315886221552,
        0.09826992418479252,
        0.03819488988826812,
        0.07102794827778149,
        0.009644368274659918
      ],
      [
        0.5060737184361784,
        0.049411151596020435,
        0.05523428573766231,
        0.04736600467567545,
        0.09701315886221552,
        1.0,
        0.0685589067039331,
        0.2444648256073777,
        0.0022565759632284257,
        0.18322227359479587
      ],
      [
        0.09064739109002896,
        0.004233203944825961,
        0.09148400790816916,
        0.1729888649348051,
        0.09826992418479252,
        0.0685589067039331,
        1.0,
        0.025264089075384962,
        0.0019682520958622706,
        0.007209925031830823
      ],
      [
        0.015512787481362107,
        0.1049725800229863,
        0.07003377053211648,
        0.07854360132513921,
        0.03819488988826812,
        0.2444648256073777,
        0.025264089075384962,
        1.0,
        0.10004806086070371,
        0.614581742828417
      ],
      [
        0.029695645401485345,
        0.3584390070526805,
        0.11773806427383118,
        0.005707649431583246,
        0.07102794827778149,
        0.0022565759632284257,
        0.0019682520958622706,
        0.10004806086070371,
        1.0,
        0.08138055593997993
      ],
      [
        0.045776217535842795,
        0.12438671635663663,
        0.0057089658046811835,
        0.047637876264103644,
        0.009644368274659918,
        0.18322227359479587,
        0.007209925031830823,
        0.614581742828417,
        0.08138055593997993,
        1.0
      ]
    ],
    "gamma": [
      [
        1.0,
        0.06247001027960727,
        0.364359925721806,
        0.022383915537457312,
        0.3493108622161013,
        0.5187295691431033,
        0.07390432725313494,
        0.011271550773368576,
        0.05013469941189745,
        0.03450515744351281
      ],
      [
        0.06247001027960727,
        1.0,
        0.03754306503235066,
        0.0010415848598261533,
        0.010763640679612243,
        0.0398272232344329,
        0.004060927038221545,
        0.03676780419135575,
        0.3748315267955911,
        0.06559690657003922
      ],
      [
        0.364359925721806,
        0.03754306503235066,
        1.0,
        0.03039284618022912,
        0.8647236952289633,
        0.037657990015405776,
        0.038098577110836196,
        0.0652281098038056,
        0.12478700476340561,
        0.0018567616473639617
      ],
      [
        0.022383915537457312,
        0.0010415848598261533,
        0.03039284618022912,
        1.0,
        0.04679053361638735,
        0.06199925473780943,
        0.17505502731558123,
        0.08771480010995222,
        0.005080649224972604,
        0.056648419749659264
      ],
      [
        0.3493108622161013,
        0.010763640679612243,
        0.8647236952289633,
        0.04679053361638735,
        1.0,
        0.06320445160287827,
        0.05988185871944125,
        0.021381538791940637,
        0.07635315467869572,
        0.016858757045366386
      ],
      [
        0.5187295691431033,
        0.0398272232344329,
        0.037657990015405776,
        0.06199925473780943,
        0.06320445160287827,
        1.0,
        0.0933740774683703,
        0.24212414528813567,
        0.003835496777198311,
        0.1849444688488862
      ],
      [
        0.07390432725313494,
        0.004060927038221545,
        0.038098577110836196,
        0.17505502731558123,
        0.05988185871944125,
        0.0933740774683703,
        1.0,
        0.027503694818342073,
        0.0026705872902668694,
        0.0097964591563813
      ],
      [
        0.011271550773368576,
        0.03676780419135575,
        0.0652281098038056,
        0.08771480010995222,
        0.021381538791940637,
        0.24212414528813567,
        0.027503694818342073,
        1.0,
        0.05240071362758371,
        0.6316675129938465
      ],
      [
        0.05013469941189745,
        0.3748315267955911,
        0.12478700476340561,
        0.005080649224972604,
        0.07635315467869572,
        0.003835496777198311,
        0.0026705872902668694,
        0.05240071362758371,
        1.0,
        0.03652413119083115
      ],
      [
        0.03450515744351281,
        0.06559690657003922,
        0.0018567616473639617,
        0.056648419749659264,
        0.016858757045366386,
        0.1849444688488862,
        0.0097964591563813,
        0.6316675129938465,
        0.03652413119083115,
        1.0
      ]
    ],
    "full": [
      [
        1.0,
        0.039723998963077954,
        0.3257602058036958,
        0.06410194276709172,
        0.35580218350996345,
        0.43052356665077957,
        0.11673578690219816,
        0.04259122443946946,
        0.029499306030818018,
        0.04130250987723809
      ],
      [
        0.039723998963077954,
        1.0,
        0.02851116727861878,
        0.001914743692302613,
        0.008956932017052797,
        0.08883784919418021,
        0.0037260670823127807,
        0.07789375433385587,
        0.33575088454654023,
        0.10236601534859553
      ],
      [
        0.3257602058036958,
        0.02851116727861878,
        1.0,
        0.049529516734694815,
        0.8036011546798563,
        0.06534327422911888,
        0.08149561501275022,
        0.06390948685355051,
        0.0913775794546649,
        0.0058996873434683916
      ],
      [
        0.06410194276709172,
        0.001914743692302613,
        0.049529516734694815,
        1.0,
        0.05993642966040931,
        0.040570451005129564,
        0.16573417726207712,
        0.06645201879810571,
        0.004802058509109153,
        0.038854165178109655
      ],
      [
        0.35580218350996345,
        0.008956932017052797,
        0.8036011546798563,
        0.05993642966040931,
        1.0,
        0.09011845287199789,
        0.1000780579389792,
        0.04487866571611614,
        0.05457284300793578,
        0.010050245572343451
      ],
      [
        0.43052356665077957,
        0.08883784919418021,
        0.06534327422911888,
        0.040570451005129564,
        0.09011845287199789,
        1.0,
        0.06309501690074268,
        0.22033143514396783,
        0.03249238220573931,
        0.16298211904650342
      ],
      [
        0.11673578690219816,
        0.0037260670823127807,
        0.08149561501275022,
        0.16573417726207712,
        0.1000780579389792,
        0.06309501690074268,
        1.0,
        0.02380458899043729,
        0.0020352300877217464,
        0.0063832740569949925
      ],
      [
        0.04259122443946946,
        0.07789375433385587,
        0.06390948685355051,
        0.06645201879810571,
        0.04487866571611614,
        0.22033143514396783,
        0.02380458899043729,
        1.0,
        0.06738861413842864,
        0.5477167255857613
      ],
      [
        0.029499306030818018,
        0.33575088454654023,
        0.0913775794546649,
        0.004802058509109153,
        0.05457284300793578,
        0.03249238220573931,
        0.0020352300877217464,
        0.06738861413842864,
        1.0,
        0.06813200701602344
      ],
      [
        0.04130250987723809,
        0.10236601534859553,
        0.0058996873434683916,
        0.038854165178109655,
        0.010050245572343451,
        0.16298211904650342,
        0.0063832740569949925,
        0.5477167255857613,
        0.06813200701602344,
        1.0
      ]
    ]
  },
  "correlation": [
    [
      1.0,
      -0.3384822032490266,
      0.5325244164420984,
      0.13018539307497226,
      0.5398970712284447,
      -0.6849411044277337,
      0.3095545061307408,
      -0.23845895600109454,
      -0.3073954584444471,
      -0.24816570420069428
    ],
    [
      -0.3384822032490266,
      1.0,
      -0.24283183826384122,
      -0.10854108608507966,
      -0.18541571636516999,
      0.27585256853616597,
      -0.18639288795859496,
      0.031555262036255,
      0.5172190064828073,
      0.2159405640018335
    ],
    [
      0.5325244164420984,
      -0.24283183826384125,
      1.0,
      0.1780934934107723,
      0.9159280016505007,
      -0.2951228795032841,
      0.13415387928244396,
      0.004146915610173206,
      -0.3041874709942267,
      -0.29507625585248065
    ],
    [
      0.13018539307497226,
      -0.10854108608507967,
      0.1780934934107723,
      1.0,
      0.22206244713699685,
      -0.2516580926526779,
      0.36281707074466996,
      -0.29566139731835867,
      -0.055160427243355084,
      -0.3171907892277758
    ],
    [
      0.5398970712284447,
      -0.18541571636516999,
      0.9159280016505006,
      0.22206244713699685,
      1.0,
      -0.29896692323732904,
      0.17836533991479334,
      -0.1249266370242079,
      -0.3086159467522722,
      -0.41602816060571335
    ],
    [
      -0.6849411044277337,
      0.27585256853616597,
      -0.29512287950328403,
      -0.25165809265267797,
      -0.29896692323732904,
      1.0,
      -0.3399367098108471,
      0.44824437484047536,
      0.15315622543907642,
      0.39573367240327184
    ],
    [
      0.3095545061307408,
      -0.18639288795859496,
      0.13415387928244396,
      0.36281707074466996,
      0.17836533991479334,
      -0.3399367098108471,
      1.0,
      -0.1995374408476577,
      -0.15882052582593265,
      -0.15444178136903597
    ],
    [
      -0.23845895600109454,
      0.031555262036255007,
      0.004146915610173206,
      -0.29566139731835867,
      -0.12492663702420789,
      0.44824437484047536,
      -0.1995374408476577,
      1.0,
      0.023576454662112757,
      0.7584188015475013
    ],
    [
      -0.30739545844444716,
      0.5172190064828073,
      -0.3041874709942267,
      -0.055160427243355084,
      -0.3086159467522722,
      0.15315622543907642,
      -0.15882052582593265,
      0.023576454662112754,
      0.9999999999999998,
      0.23082403458331255
    ],
    [
      -0.24816570420069428,
      0.2159405640018335,
      -0.2950762558524806,
      -0.31719078922777577,
      -0.41602816060571335,
      0.39573367240327184,
      -0.15444178136903597,
      0.7584188015475013,
      0.23082403458331255,
      0.9999999999999999
    ]
  ],
  "mutual_information": [
    [
      0.0,
      0.5606021005629223,
      0.4965781116655928,
      0.30108033649891053,
      0.5296505541983955,
      0.6934233250990669,
      0.34049466540537693,
      0.2656173880310103,
      0.3709301352657927,
      0.40711159096407545
    ],
    [
      0.5606021005629223,
      0.0,
      0.4112346394305397,
      0.3110163539432948,
      0.43098774716823574,
      0.39288346415339453,
      0.2637306261425307,
      0.2662860615939779,
      0.41121840077756816,
      0.393233954782413
    ],
    [
      0.4965781116655928,
      0.4112346394305397,
      0.0,
      0.3150253970889979,
      0.9999999998925557,
      0.3055911416874293,
      0.34179565987549804,
      0.17039622955745934,
      0.33284452295336514,
      0.3086943323694672
    ],
    [
      0.30108033649891053,
      0.3110163539432948,
      0.3150253970889979,
      0.0,
      0.4287580844959015,
      0.36332815636646876,
      0.4272475530165026,
      0.3138448405759364,
      0.2668681052879214,
      0.3677781034506257
    ],
    [
      0.5296505541983955,
      0.43098774716823574,
      0.9999999998925557,
      0.4287580844959015,
      0.0,
      0.4064064599165699,
      0.3977998560106054,
      0.27180508048100066,
      0.39397028592721955,
      0.5148687388704111
    ],
    [
      0.6934233250990669,
      0.39288346415339453,
      0.3055911416874293,
      0.36332815636646876,
      0.4064064599165699,
      0.0,
      0.4939312015676306,
      0.35691624646353565,
      0.3826915775956932,
      0.44066120609739984
    ],
    [
      0.34049466540537693,
      0.2637306261425307,
      0.34179565987549804,
      0.4272475530165026,
      0.3977998560106054,
      0.4939312015676306,
      0.0,
      0.27126092133401114,
      0.27140211013649457,
      0.32191497152996773
    ],
    [
      0.2656173880310103,
      0.2662860615939779,
      0.17039622955745934,
      0.3138448405759364,
      0.27180508048100066,
      0.35691624646353565,
      0.27126092133401114,
      0.0,
      0.2693084363866521,
      0.8515057120385462
    ],
    [
      0.3709301352657927,
      0.41121840077756816,
      0.33284452295336514,
      0.2668681052879214,
      0.39397028592721955,
      0.3826915775956932,
      0.27140211013649457,
      0.2693084363866521,
      0.0,
      0.4246255657305791
    ],
    [
      0.40711159096407545,
      0.393233954782413,
      0.3086943323694672,
      0.3677781034506257,
      0.5148687388704111,
      0.44066120609739984,
      0.32191497152996773,
      0.8515057120385462,
      0.4246255657305791,
      0.0
    ]
  ],
  "network": {
    "global_metrics": {
      "n_nodes": 10,
      "n_edges": 11,
      "density": 0.24444444444444444,
      "is_connected": true,
      "diameter": 6,
      "average_path_length": 2.6444444444444444,
      "global_efficiency": 0.5103703703703707,
      "avg_clustering": 0.38333333333333336,
      "transitivity": 0.35294117647058826,
      "assortativity": -0.031249999999999754,
      "small_worldness": 0.0,
      "modularity": 0.3977345168199414
    },
    "nodal_metrics": {
      "LT_TA": {
        "degree": 4,
        "degree_centrality": 0.4444444444444444,
        "betweenness_centrality": 0.6666666666666666,
        "closeness_centrality": 0.5294117647058824,
        "eigenvector_centrality": 0.5129507381946841,
        "pagerank": 0.14895921740603385,
        "clustering": 0.16666666666666666
      },
      "LT_GL": {
        "degree": 2,
        "degree_centrality": 0.2222222222222222,
        "betweenness_centrality": 0.2222222222222222,
        "closeness_centrality": 0.34615384615384615,
        "eigenvector_centrality": 0.16286770107960538,
        "pagerank": 0.08937610953721409,
        "clustering": 0
      },
      "LT_RF": {
        "degree": 2,
        "degree_centrality": 0.2222222222222222,
        "betweenness_centrality": 0.0,
        "closeness_centrality": 0.375,
        "eigenvector_centrality": 0.3212568375414811,
        "pagerank": 0.12273560125681705,
        "clustering": 1.0
      },
      "LT_HAM": {
        "degree": 1,
        "degree_centrality": 0.1111111111111111,
        "betweenness_centrality": 0.0,
        "closeness_centrality": 0.2903225806451613,
        "eigenvector_centrality": 0.089319841771783,
        "pagerank": 0.049436156676024814,
        "clustering": 0
      },
      "LT_VL": {
        "degree": 2,
        "degree_centrality": 0.2222222222222222,
        "betweenness_centrality": 0.0,
        "closeness_centrality": 0.375,
        "eigenvector_centrality": 0.3212568375414811,
        "pagerank": 0.12589387048758768,
        "clustering": 1.0
      },
      "RT_TA": {
        "degree": 3,
        "degree_centrality": 0.3333333333333333,
        "betweenness_centrality": 0.5555555555555556,
        "closeness_centrality": 0.5294117647058824,
        "eigenvector_centrality": 0.45752651866590793,
        "pagerank": 0.1040184304186908,
        "clustering": 0.3333333333333333
      },
      "RT_GL": {
        "degree": 2,
        "degree_centrality": 0.2222222222222222,
        "betweenness_centrality": 0.2222222222222222,
        "closeness_centrality": 0.391304347826087,
        "eigenvector_centrality": 0.23193699577089535,
        "pagerank": 0.06904891773368875,
        "clustering": 0
      },
      "RT_RF": {
        "degree": 2,
        "degree_centrality": 0.2222222222222222,
        "betweenness_centrality": 0.0,
        "closeness_centrality": 0.4090909090909091,
        "eigenvector_centrality": 0.3149093646667956,
        "pagerank": 0.10388613935494684,
        "clustering": 1.0
      },
      "RT_HAM": {
        "degree": 1,
        "degree_centrality": 0.1111111111111111,
        "betweenness_centrality": 0.0,
        "closeness_centrality": 0.2647058823529412,
        "eigenvector_centrality": 0.06272182181780157,
        "pagerank": 0.07321815123467924,
        "clustering": 0
      },
      "RT_VL": {
        "degree": 3,
        "degree_centrality": 0.3333333333333333,
        "betweenness_centrality": 0.38888888888888884,
        "closeness_centrality": 0.45,
        "eigenvector_centrality": 0.3601922909854774,
        "pagerank": 0.11342740589431671,
        "clustering": 0.3333333333333333
      }
    },
    "communities": {
      "LT_TA": 0,
      "LT_GL": 1,
      "LT_RF": 0,
      "LT_HAM": 3,
      "LT_VL": 0,
      "RT_TA": 0,
      "RT_GL": 3,
      "RT_RF": 2,
      "RT_HAM": 1,
      "RT_VL": 2
    }
  },
  "analysis_time": 131.95682883262634
}