{
  "subject_id": "S20",
  "data_info": {
    "duration": 312.1505,
    "sampling_rate": 2000
  },
  "quality_metrics": {
    "channel_0": {
      "snr_db": -65.98000342313885,
      "rms": 0.23117287458869995,
      "peak_to_peak": 1.0155745996831813
    },
    "channel_1": {
      "snr_db": -66.1112034421989,
      "rms": 0.33607091618807433,
      "peak_to_peak": 0.9243581419707629
    },
    "channel_2": {
      "snr_db": -65.32987254111255,
      "rms": 0.3502799219967672,
      "peak_to_peak": 0.9960360431097567
    },
    "channel_3": {
      "snr_db": -66.01283585281246,
      "rms": 0.27501400650208513,
      "peak_to_peak": 1.01773391333421
    },
    "channel_4": {
      "snr_db": -68.68715117638612,
      "rms": 0.3713028250901514,
      "peak_to_peak": 1.1795753421762067
    },
    "channel_5": {
      "snr_db": -66.96130959014648,
      "rms": 0.3699569532530369,
      "peak_to_peak": 0.9846584041838391
    },
    "channel_6": {
      "snr_db": -66.32778398063228,
      "rms": 0.19842171910989484,
      "peak_to_peak": 0.9985242859771312
    },
    "channel_7": {
      "snr_db": -69.06796807683854,
      "rms": 0.3671474738731016,
      "peak_to_peak": 0.9496386174681224
    },
    "channel_8": {
      "snr_db": -66.22367040087447,
      "rms": 0.5498722876049106,
      "peak_to_peak": 0.7987461149036454
    },
    "channel_9": {
      "snr_db": -66.03786285663989,
      "rms": 0.30528358661537913,
      "peak_to_peak": 0.9650707535749672
    }
  },
  "n_cycles": 114,
  "coherence": {
    "delta": [
      [
        1.0,
        0.013234424510941253,
        0.008146336031237673,
        0.012558033213574208,
        0.16572770046326007,
        0.1958310903641192,
        0.0013539697797656078,
        0.09830470178475023,
        0.2157015238556625,
        0.19009076297202904
      ],
      [
        0.013234424510941253,
        1.0,
        0.11376663656093818,
        0.7705793174801584,
        0.0015311441474524412,
        0.03582996374005212,
        0.13795523130590603,
        0.030551399531207904,
        0.020207870051026155,
        0.004487526673002158
      ],
      [
        0.008146336031237673,
        0.11376663656093818,
        1.0,
        0.1343866052605046,
        0.05762394158729422,
        0.0012958046207068588,
        0.438544752129455,
        0.0005981348850894474,
        0.0034606799448347507,
        0.004140755407428849
      ],
      [
        0.012558033213574208,
        0.7705793174801584,
        0.1343866052605046,
        1.0,
        0.006387253382433633,
        0.03505922562875574,
        0.16707926242995388,
        0.015102758037126098,
        0.012711066197555044,
        0.0020161090543678603
      ],
      [
        0.16572770046326007,
        0.0015311441474524412,
        0.05762394158729422,
        0.006387253382433633,
        1.0,
        0.06516748178298405,
        0.017210998311398128,
        0.27862883018175033,
        0.012528285641776049,
        0.29118059944905533
      ],
      [
        0.1958310903641192,
        0.03582996374005212,
        0.0012958046207068588,
        0.03505922562875574,
        0.06516748178298405,
        1.0,
        0.008842485810991303,
        0.14757646373365407,
        0.1100382063142879,
        0.23437317373390698
      ],
      [
        0.0013539697797656078,
        0.13795523130590603,
        0.438544752129455,
        0.16707926242995388,
        0.017210998311398128,
        0.008842485810991303,
        1.0,
        0.0010209992873697433,
        0.007536013977724831,
        0.0035322345585906004
      ],
      [
        0.09830470178475023,
        0.030551399531207904,
        0.0005981348850894474,
        0.015102758037126098,
        0.27862883018175033,
        0.14757646373365407,
        0.0010209992873697433,
        1.0,
        0.11361071350639772,
        0.49115189649245294
      ],
      [
        0.2157015238556625,
        0.020207870051026155,
        0.0034606799448347507,
        0.012711066197555044,
        0.012528285641776049,
        0.1100382063142879,
        0.007536013977724831,
        0.11361071350639772,
        1.0,
        0.11813865833367722
      ],
      [
        0.19009076297202904,
        0.004487526673002158,
        0.004140755407428849,
        0.0020161090543678603,
        0.29118059944905533,
        0.23437317373390698,
        0.0035322345585906004,
        0.49115189649245294,
        0.11813865833367722,
        1.0
      ]
    ],
    "theta": [
      [
        1.0,
        0.0076223542370462555,
        0.010985456943640868,
        0.006312599341948128,
        0.15595549757206714,
        0.3240671655069059,
        0.0019866477096924986,
        0.09354369403075227,
        0.1547025767072089,
        0.21572678408585924
      ],
      [
        0.0076223542370462555,
        1.0,
        0.1231846517052007,
        0.6739618885847658,
        0.007573927181559726,
        0.03414599539062891,
        0.21692802861473226,
        0.016201923478985636,
        0.014059872723488779,
        0.0017760980969271653
      ],
      [
        0.010985456943640868,
        0.1231846517052007,
        1.0,
        0.1814593766314904,
        0.11120879188480948,
        0.006138311463637399,
        0.400045966367192,
        0.005859122317465338,
        0.010834025877302644,
        0.008388940430633507
      ],
      [
        0.006312599341948128,
        0.6739618885847658,
        0.1814593766314904,
        1.0,
        0.01707582278844178,
        0.02901018710875617,
        0.3020505528343638,
        0.007179485463530445,
        0.013080399175174924,
        0.0005358114181891978
      ],
      [
        0.15595549757206714,
        0.007573927181559726,
        0.11120879188480948,
        0.01707582278844178,
        1.0,
        0.10028682241150348,
        0.06311138627028572,
        0.24663234961896352,
        0.0022656971791743057,
        0.23882568964909012
      ],
      [
        0.3240671655069059,
        0.03414599539062891,
        0.006138311463637399,
        0.02901018710875617,
        0.10028682241150348,
        1.0,
        0.028257934457966673,
        0.10359112145042909,
        0.10909878925879263,
        0.1856288157333533
      ],
      [
        0.0019866477096924986,
        0.21692802861473226,
        0.400045966367192,
        0.3020505528343638,
        0.06311138627028572,
        0.028257934457966673,
        1.0,
        0.0013121110909465842,
        0.028780580138041346,
        0.00010924719386787342
      ],
      [
        0.09354369403075227,
        0.016201923478985636,
        0.005859122317465338,
        0.007179485463530445,
        0.24663234961896352,
        0.10359112145042909,
        0.0013121110909465842,
        1.0,
        0.08309478130060204,
        0.3918576857696465
      ],
      [
        0.1547025767072089,
        0.014059872723488779,
        0.010834025877302644,
        0.013080399175174924,
        0.0022656971791743057,
        0.10909878925879263,
        0.028780580138041346,
        0.08309478130060204,
        1.0,
        0.15701110700416482
      ],
      [
        0.21572678408585924,
        0.0017760980969271653,
        0.008388940430633507,
        0.0005358114181891978,
        0.23882568964909012,
        0.1856288157333533,
        0.00010924719386787342,
        0.3918576857696465,
        0.15701110700416482,
        1.0
      ]
    ],
    "alpha": [
      [
        1.0,
        0.02400548542883918,
        0.008655767392566429,
        0.01667194444259431,
        0.04138701341039784,
        0.170683319592008,
        0.007718173471564247,
        0.09671147947787109,
        0.22114363529440645,
        0.19772897940245934
      ],
      [
        0.02400548542883918,
        1.0,
        0.18952138941047272,
        0.7881631175956615,
        0.012262796334482321,
        0.03148454949055678,
        0.2448958289218905,
        0.06532686933081366,
        0.10858143193213253,
        0.007055100176651641
      ],
      [
        0.008655767392566429,
        0.18952138941047272,
        1.0,
        0.19818753662100896,
        0.05824688451383117,
        0.0018283118024402922,
        0.38366865172849884,
        0.030250769270843213,
        0.006681452419270708,
        0.007672666095788386
      ],
      [
        0.01667194444259431,
        0.7881631175956615,
        0.19818753662100896,
        1.0,
        0.010147184365349258,
        0.03337827740817995,
        0.27992980868235945,
        0.0504782376299032,
        0.08917178565455437,
        0.003626493069050131
      ],
      [
        0.04138701341039784,
        0.012262796334482321,
        0.05824688451383117,
        0.010147184365349258,
        1.0,
        0.10487571483544253,
        0.04054644200055758,
        0.2191303087049935,
        0.06365037790611845,
        0.17182023683522143
      ],
      [
        0.170683319592008,
        0.03148454949055678,
        0.0018283118024402922,
        0.03337827740817995,
        0.10487571483544253,
        1.0,
        0.004198796318928002,
        0.1682428551720821,
        0.08283656943835208,
        0.2736843880933349
      ],
      [
        0.007718173471564247,
        0.2448958289218905,
        0.38366865172849884,
        0.27992980868235945,
        0.04054644200055758,
        0.004198796318928002,
        1.0,
        0.030062549577570288,
        0.007492080307145664,
        0.014340320603906215
      ],
      [
        0.09671147947787109,
        0.06532686933081366,
        0.030250769270843213,
        0.0504782376299032,
        0.2191303087049935,
        0.1682428551720821,
        0.030062549577570288,
        1.0,
        0.19938946614710498,
        0.43412126694583997
      ],
      [
        0.22114363529440645,
        0.10858143193213253,
        0.006681452419270708,
        0.08917178565455437,
        0.06365037790611845,
        0.08283656943835208,
        0.007492080307145664,
        0.19938946614710498,
        1.0,
        0.18157418856655197
      ],
      [
        0.19772897940245934,
        0.007055100176651641,
        0.007672666095788386,
        0.003626493069050131,
        0.17182023683522143,
        0.2736843880933349,
        0.014340320603906215,
        0.43412126694583997,
        0.18157418856655197,
        1.0
      ]
    ],
    "beta": [
      [
        1.0,
        0.015223754972212348,
        0.008228911272798033,
        0.007908583676051642,
        0.13162162596026142,
        0.10972909902275904,
        0.0032973059942266562,
        0.10888868800844487,
        0.3269505804751049,
        0.12346917352765757
      ],
      [
        0.015223754972212348,
        1.0,
        0.1314018104080082,
        0.906097314445706,
        0.028120380541352286,
        0.022265212611993792,
        0.18357817630971696,
        0.09048876634870147,
        0.20962619250562525,
        0.0034273091153486186
      ],
      [
        0.008228911272798033,
        0.1314018104080082,
        1.0,
        0.15772804571927912,
        0.06216829163622699,
        0.034538419927416124,
        0.5767339804517231,
        0.023983822838299914,
        0.011173452120579668,
        0.014548659161744932
      ],
      [
        0.007908583676051642,
        0.906097314445706,
        0.15772804571927912,
        1.0,
        0.034748539314144906,
        0.027265556406929386,
        0.22369894933175807,
        0.06887730924862373,
        0.167181182147007,
        0.0034562979464388775
      ],
      [
        0.13162162596026142,
        0.028120380541352286,
        0.06216829163622699,
        0.034748539314144906,
        1.0,
        0.24403078801028566,
        0.05964161460086353,
        0.3278118032378611,
        0.0640512765215263,
        0.3527063122687164
      ],
      [
        0.10972909902275904,
        0.022265212611993792,
        0.034538419927416124,
        0.027265556406929386,
        0.24403078801028566,
        1.0,
        0.04095308792050286,
        0.3489523255316144,
        0.11193329360039998,
        0.4535523381033849
      ],
      [
        0.0032973059942266562,
        0.18357817630971696,
        0.5767339804517231,
        0.22369894933175807,
        0.05964161460086353,
        0.04095308792050286,
        1.0,
        0.02803588973217603,
        0.026854881401519846,
        0.021207506249716367
      ],
      [
        0.10888868800844487,
        0.09048876634870147,
        0.023983822838299914,
        0.06887730924862373,
        0.3278118032378611,
        0.3489523255316144,
        0.02803588973217603,
        1.0,
        0.2379999255985683,
        0.5834585118938991
      ],
      [
        0.3269505804751049,
        0.20962619250562525,
        0.011173452120579668,
        0.167181182147007,
        0.0640512765215263,
        0.11193329360039998,
        0.026854881401519846,
        0.2379999255985683,
        1.0,
        0.1180240183073055
      ],
      [
        0.12346917352765757,
        0.0034273091153486186,
        0.014548659161744932,
        0.0034562979464388775,
        0.3527063122687164,
        0.4535523381033849,
        0.021207506249716367,
        0.5834585118938991,
        0.1180240183073055,
        1.0
      ]
    ],
    "gamma": [
      [
        1.0,
        0.00937933833740887,
        0.008873323153547608,
        0.0038388980675418084,
        0.09017793822651286,
        0.03967222105194655,
        0.0016694523856741993,
        0.0577132267600937,
        0.3293473705586658,
        0.04546594866592639
      ],
      [
        0.00937933833740887,
        1.0,
        0.05550362156007523,
        0.9163920535045754,
        0.03185677811531438,
        0.010167217987643565,
        0.10829909899290291,
        0.08605042601173284,
        0.23114060496285074,
        0.002640670527357043
      ],
      [
        0.008873323153547608,
        0.05550362156007523,
        1.0,
        0.08773099612081633,
        0.06265275533574005,
        0.051409967256189536,
        0.6024268122951524,
        0.013248854149906345,
        0.0046942487208504234,
        0.01778497797443466
      ],
      [
        0.0038388980675418084,
        0.9163920535045754,
        0.08773099612081633,
        1.0,
        0.04125238360570213,
        0.01833497798726955,
        0.1543412689802154,
        0.06405482092500804,
        0.18387607562716238,
        0.004894743600133487
      ],
      [
        0.09017793822651286,
        0.03185677811531438,
        0.06265275533574005,
        0.04125238360570213,
        1.0,
        0.25342534859490906,
        0.06066278722499598,
        0.3355840456978517,
        0.027815928660551638,
        0.37181893496561297
      ],
      [
        0.03967222105194655,
        0.010167217987643565,
        0.051409967256189536,
        0.01833497798726955,
        0.25342534859490906,
        1.0,
        0.058658939288222745,
        0.3760669859691333,
        0.07066370494015506,
        0.4825692910852906
      ],
      [
        0.0016694523856741993,
        0.10829909899290291,
        0.6024268122951524,
        0.1543412689802154,
        0.06066278722499598,
        0.058658939288222745,
        1.0,
        0.011250832310772892,
        0.023075306892826393,
        0.022513469259987373
      ],
      [
        0.0577132267600937,
        0.08605042601173284,
        0.013248854149906345,
        0.06405482092500804,
        0.3355840456978517,
        0.3760669859691333,
        0.011250832310772892,
        1.0,
        0.20705834913806517,
        0.5900840199998096
      ],
      [
        0.3293473705586658,
        0.23114060496285074,
        0.0046942487208504234,
        0.18387607562716238,
        0.027815928660551638,
        0.07066370494015506,
        0.023075306892826393,
        0.20705834913806517,
        1.0,
        0.053409578135909776
      ],
      [
        0.04546594866592639,
        0.002640670527357043,
        0.01778497797443466,
        0.004894743600133487,
        0.37181893496561297,
        0.4825692910852906,
        0.022513469259987373,
        0.5900840199998096,
        0.053409578135909776,
        1.0
      ]
    ],
    "full": [
      [
        1.0,
        0.012760646174127822,
        0.008708935173662523,
        0.007609956557969728,
        0.11585954668327653,
        0.11720693593676318,
        0.002611480511235814,
        0.08546042022402861,
        0.28936834110820686,
        0.11652644052866454
      ],
      [
        0.012760646174127822,
        1.0,
        0.10333574335922759,
        0.8622794743420342,
        0.022666494196379075,
        0.021322108672883307,
        0.15488788618090904,
        0.07191067594812964,
        0.1659434491995714,
        0.003439910824443293
      ],
      [
        0.008708935173662523,
        0.10333574335922759,
        1.0,
        0.13215286825036207,
        0.06512619252283364,
        0.03121244219216181,
        0.5369133927413273,
        0.015345055650862983,
        0.007123222328677974,
        0.013189434143110199
      ],
      [
        0.007609956557969728,
        0.8622794743420342,
        0.13215286825036207,
        1.0,
        0.029634891477211427,
        0.02563415625680869,
        0.1986646945080569,
        0.05258819852209391,
        0.13198303261143687,
        0.0035764178755690766
      ],
      [
        0.11585954668327653,
        0.022666494196379075,
        0.06512619252283364,
        0.029634891477211427,
        1.0,
        0.19836518429450783,
        0.05230463226323642,
        0.3086298277021662,
        0.03740441505828525,
        0.3279174653296425
      ],
      [
        0.11720693593676318,
        0.021322108672883307,
        0.03121244219216181,
        0.02563415625680869,
        0.19836518429450783,
        1.0,
        0.03901913465553864,
        0.2956254720047649,
        0.09331257464831508,
        0.3965473353180381
      ],
      [
        0.002611480511235814,
        0.15488788618090904,
        0.5369133927413273,
        0.1986646945080569,
        0.05230463226323642,
        0.03901913465553864,
        1.0,
        0.015524183055832684,
        0.021087749882372924,
        0.01683933909336597
      ],
      [
        0.08546042022402861,
        0.07191067594812964,
        0.015345055650862983,
        0.05258819852209391,
        0.3086298277021662,
        0.2956254720047649,
        0.015524183055832684,
        1.0,
        0.19207670173423858,
        0.5455797610211567
      ],
      [
        0.28936834110820686,
        0.1659434491995714,
        0.007123222328677974,
        0.13198303261143687,
        0.03740441505828525,
        0.09331257464831508,
        0.021087749882372924,
        0.19207670173423858,
        1.0,
        0.10107742893437247
      ],
      [
        0.11652644052866454,
        0.003439910824443293,
        0.013189434143110199,
        0.0035764178755690766,
        0.3279174653296425,
        0.3965473353180381,
        0.01683933909336597,
        0.5455797610211567,
        0.10107742893437247,
        1.0
      ]
    ]
  },
  "correlation": [
    [
      1.0,
      -0.016004439642190463,
      -0.24173305830417288,
      -0.07309976881562401,
      -0.354508319176397,
      0.13823904110749582,
      -0.20430084339594187,
      0.15130281226366357,
      0.486131029763987,
      0.09453287684304684
    ],
    [
      -0.016004439642190463,
      1.0,
      0.11647945710270052,
      0.9435186474017224,
      0.011058590309110635,
      -0.24054117599692051,
      0.23837571164479684,
      0.07427446809564334,
      0.36421216514077515,
      -0.3339129522584867
    ],
    [
      -0.24173305830417288,
      0.11647945710270054,
      1.0,
      0.207115648855748,
      0.23324398620566603,
      -0.2079687318899357,
      0.7209023197450963,
      -0.08822768445142452,
      -0.03377289285001283,
      -0.15280669670054345
    ],
    [
      -0.07309976881562401,
      0.9435186474017223,
      0.20711564885574804,
      0.9999999999999999,
      0.02280360443861186,
      -0.28762009480501227,
      0.3301990125303212,
      0.012856985198200376,
      0.2893293151536891,
      -0.35922840268336986
    ],
    [
      -0.354508319176397,
      0.011058590309110635,
      0.233243986205666,
      0.02280360443861186,
      0.9999999999999998,
      0.2304314908640911,
      0.12877451600969392,
      0.4165294045846457,
      -0.06774028314305472,
      0.4700029998596523
    ],
    [
      0.13823904110749582,
      -0.24054117599692051,
      -0.20796873188993573,
      -0.28762009480501227,
      0.23043149086409112,
      0.9999999999999999,
      -0.21607148614416966,
      0.5295312479226834,
      0.17378397111441835,
      0.6228058537412352
    ],
    [
      -0.20430084339594184,
      0.23837571164479682,
      0.7209023197450963,
      0.33019901253032113,
      0.12877451600969395,
      -0.21607148614416968,
      0.9999999999999998,
      -0.12206452465486531,
      0.01727227006177106,
      -0.2017388123577756
    ],
    [
      0.15130281226366357,
      0.07427446809564332,
      -0.08822768445142452,
      0.012856985198200376,
      0.4165294045846457,
      0.5295312479226834,
      -0.12206452465486531,
      0.9999999999999998,
      0.3821248699697822,
      0.668192892370524
    ],
    [
      0.486131029763987,
      0.36421216514077515,
      -0.03377289285001283,
      0.2893293151536891,
      -0.06774028314305473,
      0.17378397111441835,
      0.01727227006177106,
      0.3821248699697822,
      1.0,
      0.024020952539037257
    ],
    [
      0.09453287684304684,
      -0.33391295225848666,
      -0.15280669670054345,
      -0.35922840268336986,
      0.47000299985965227,
      0.6228058537412353,
      -0.20173881235777563,
      0.668192892370524,
      0.024020952539037257,
      0.9999999999999999
    ]
  ],
  "mutual_information": [
    [
      0.0,
      0.46894462278186244,
      0.2830430726801623,
      0.5041427484739612,
      0.229107514581995,
      0.1806205673965641,
      0.24764966495980664,
      0.2686759672964171,
      0.38260372489441097,
      0.3404038576511374
    ],
    [
      0.46894462278186244,
      0.0,
      0.3057634734869323,
      0.9999999999222255,
      0.26643340291945783,
      0.24371833428778558,
      0.3192748307878915,
      0.34220403375517006,
      0.35618954696304916,
      0.35195056350404297
    ],
    [
      0.2830430726801623,
      0.3057634734869323,
      0.0,
      0.36531442533029723,
      0.16991242785883545,
      0.21747318941405486,
      0.45222088145071176,
      0.24742984931326117,
      0.22739638444469126,
      0.23629567670823573
    ],
    [
      0.5041427484739612,
      0.9999999999222255,
      0.36531442533029723,
      0.0,
      0.3368092730858877,
      0.28427365265030946,
      0.39128514186331576,
      0.36289528094742274,
      0.3306603975914137,
      0.4582936103982817
    ],
    [
      0.229107514581995,
      0.26643340291945783,
      0.16991242785883545,
      0.3368092730858877,
      0.0,
      0.13566256989787945,
      0.19295925909134548,
      0.20507897354432497,
      0.1302739695695011,
      0.2703966712813819
    ],
    [
      0.1806205673965641,
      0.24371833428778558,
      0.21747318941405486,
      0.28427365265030946,
      0.13566256989787945,
      0.0,
      0.24963229795155814,
      0.28818043921865083,
      0.17534449123404935,
      0.2778512313521436
    ],
    [
      0.24764966495980664,
      0.3192748307878915,
      0.45222088145071176,
      0.39128514186331576,
      0.19295925909134548,
      0.24963229795155814,
      0.0,
      0.2676383161686517,
      0.2110208559840407,
      0.2950288012514847
    ],
    [
      0.2686759672964171,
      0.34220403375517006,
      0.24742984931326117,
      0.36289528094742274,
      0.20507897354432497,
      0.28818043921865083,
      0.2676383161686517,
      0.0,
      0.4011371750682408,
      0.4623702019929417
    ],
    [
      0.38260372489441097,
      0.35618954696304916,
      0.22739638444469126,
      0.3306603975914137,
      0.1302739695695011,
      0.17534449123404935,
      0.2110208559840407,
      0.4011371750682408,
      0.0,
      0.2531825524861329
    ],
    [
      0.3404038576511374,
      0.35195056350404297,
      0.23629567670823573,
      0.4582936103982817,
      0.2703966712813819,
      0.2778512313521436,
      0.2950288012514847,
      0.4623702019929417,
      0.2531825524861329,
      0.0
    ]
  ],
  "network": {
    "global_metrics": {
      "n_nodes": 10,
      "n_edges": 11,
      "density": 0.24444444444444444,
      "is_connected": false,
      "diameter": 3,
      "average_path_length": 1.6666666666666667,
      "global_efficiency": 0.7333333333333332,
      "largest_component_size": 6,
      "avg_clustering": 0.35,
      "transitivity": 0.6666666666666666,
      "assortativity": 0.47619047619047516,
      "small_worldness": 0.0,
      "modularity": 0.5473206775366487
    },
    "nodal_metrics": {
      "LT_TA": {
        "degree": 1,
        "degree_centrality": 0.1111111111111111,
        "betweenness_centrality": 0.0,
        "closeness_centrality": 0.2314814814814815,
        "eigenvector_centrality": 0.06104023582363456,
        "pagerank": 0.05607434128322469,
        "clustering": 0
      },
      "LT_GL": {
        "degree": 1,
        "degree_centrality": 0.1111111111111111,
        "betweenness_centrality": 0.0,
        "closeness_centrality": 0.16666666666666666,
        "eigenvector_centrality": 2.8839731148010644e-06,
        "pagerank": 0.09990000571442227,
        "clustering": 0
      },
      "LT_RF": {
        "degree": 1,
        "degree_centrality": 0.1111111111111111,
        "betweenness_centrality": 0.0,
        "closeness_centrality": 0.16666666666666666,
        "eigenvector_centrality": 2.8839731148010644e-06,
        "pagerank": 0.0771056451446965,
        "clustering": 0
      },
      "LT_HAM": {
        "degree": 2,
        "degree_centrality": 0.2222222222222222,
        "betweenness_centrality": 0.05555555555555555,
        "closeness_centrality": 0.25,
        "eigenvector_centrality": 4.6663665223890255e-06,
        "pagerank": 0.12289435485530345,
        "clustering": 0
      },
      "LT_VL": {
        "degree": 3,
        "degree_centrality": 0.3333333333333333,
        "betweenness_centrality": 0.0,
        "closeness_centrality": 0.3472222222222222,
        "eigenvector_centrality": 0.4780955753886136,
        "pagerank": 0.09049540047996403,
        "clustering": 1.0
      },
      "RT_TA": {
        "degree": 3,
        "degree_centrality": 0.3333333333333333,
        "betweenness_centrality": 0.0,
        "closeness_centrality": 0.3472222222222222,
        "eigenvector_centrality": 0.4780955753886136,
        "pagerank": 0.0955335799979252,
        "clustering": 1.0
      },
      "RT_GL": {
        "degree": 2,
        "degree_centrality": 0.2222222222222222,
        "betweenness_centrality": 0.05555555555555555,
        "closeness_centrality": 0.25,
        "eigenvector_centrality": 4.6663665223890255e-06,
        "pagerank": 0.10009999428557768,
        "clustering": 0
      },
      "RT_RF": {
        "degree": 4,
        "degree_centrality": 0.4444444444444444,
        "betweenness_centrality": 0.16666666666666666,
        "closeness_centrality": 0.462962962962963,
        "eigenvector_centrality": 0.5242352528752718,
        "pagerank": 0.1457595390964239,
        "clustering": 0.5
      },
      "RT_HAM": {
        "degree": 2,
        "degree_centrality": 0.2222222222222222,
        "betweenness_centrality": 0.1111111111111111,
        "closeness_centrality": 0.3472222222222222,
        "eigenvector_centrality": 0.18901151175180214,
        "pagerank": 0.08039527357138238,
        "clustering": 0
      },
      "RT_VL": {
        "degree": 3,
        "degree_centrality": 0.3333333333333333,
        "betweenness_centrality": 0.0,
        "closeness_centrality": 0.3472222222222222,
        "eigenvector_centrality": 0.4780955753886136,
        "pagerank": 0.13174186557107992,
        "clustering": 1.0
      }
    },
    "communities": {
      "LT_TA": 0,
      "LT_GL": 1,
      "LT_RF": 2,
      "LT_HAM": 1,
      "LT_VL": 3,
      "RT_TA": 3,
      "RT_GL": 2,
      "RT_RF": 3,
      "RT_HAM": 0,
      "RT_VL": 3
    }
  },
  "analysis_time": 131.83553791046143
}