{
  "subject_id": "S22",
  "data_info": {
    "duration": 121.3105,
    "sampling_rate": 2000
  },
  "quality_metrics": {
    "channel_0": {
      "snr_db": -66.59170986362115,
      "rms": 0.3112643895075368,
      "peak_to_peak": 1.0043041967446378
    },
    "channel_1": {
      "snr_db": -66.18278668608228,
      "rms": 0.2314555819486728,
      "peak_to_peak": 1.060295551678919
    },
    "channel_2": {
      "snr_db": -67.4224322561831,
      "rms": 0.28875653204401264,
      "peak_to_peak": 1.0121566061668907
    },
    "channel_3": {
      "snr_db": -66.56931598915133,
      "rms": 0.23685424006405417,
      "peak_to_peak": 1.0002928925924082
    },
    "channel_4": {
      "snr_db": -65.9341264673077,
      "rms": 0.2655601990625621,
      "peak_to_peak": 1.0347658113168412
    },
    "channel_5": {
      "snr_db": -66.08394938089656,
      "rms": 0.2920615044385291,
      "peak_to_peak": 1.0180112242210895
    },
    "channel_6": {
      "snr_db": -66.27721417364319,
      "rms": 0.21472968675467702,
      "peak_to_peak": 1.0468104734713068
    },
    "channel_7": {
      "snr_db": -68.24518082810602,
      "rms": 0.2939687238895604,
      "peak_to_peak": 1.0097433951921142
    },
    "channel_8": {
      "snr_db": -68.13595662410842,
      "rms": 0.25494548264476324,
      "peak_to_peak": 0.9857370948151374
    },
    "channel_9": {
      "snr_db": -66.88833777693388,
      "rms": 0.2917106214494384,
      "peak_to_peak": 1.025688639829458
    }
  },
  "n_cycles": 47,
  "coherence": {
    "delta": [
      [
        1.0,
        0.0012099970408535668,
        0.47478201302226364,
        0.32010966593792256,
        0.4469326029688916,
        0.012778312506997638,
        0.2845706295079877,
        0.12535625402039924,
        0.026154918538766506,
        0.06711310413512588
      ],
      [
        0.0012099970408535668,
        1.0,
        0.006231941882769921,
        0.01407004956523646,
        0.0024777282654321457,
        0.2775696656505148,
        0.0007179662312586924,
        0.10126653758698216,
        0.08113746934265038,
        0.11963612396630276
      ],
      [
        0.47478201302226364,
        0.006231941882769921,
        1.0,
        0.2907640976131145,
        0.8655522381908254,
        0.0020621497058006797,
        0.21220838456318306,
        0.04425132251198011,
        0.07651231716676722,
        0.015660736078539333
      ],
      [
        0.32010966593792256,
        0.01407004956523646,
        0.2907640976131145,
        1.0,
        0.2445834563469359,
        0.040856867183209175,
        0.06769691296844918,
        0.07936451995697834,
        0.06629950931906183,
        0.03809864709581277
      ],
      [
        0.4469326029688916,
        0.0024777282654321457,
        0.8655522381908254,
        0.2445834563469359,
        1.0,
        0.015399495313450157,
        0.20823618162126878,
        0.049302991466132026,
        0.054558541962408946,
        0.0191029693251193
      ],
      [
        0.012778312506997638,
        0.2775696656505148,
        0.0020621497058006797,
        0.040856867183209175,
        0.015399495313450157,
        1.0,
        0.00908738578850355,
        0.21188103760161736,
        0.17598019670401488,
        0.24284110130251085
      ],
      [
        0.2845706295079877,
        0.0007179662312586924,
        0.21220838456318306,
        0.06769691296844918,
        0.20823618162126878,
        0.00908738578850355,
        1.0,
        0.14722541037231054,
        0.0075268581715128065,
        0.09478878727030995
      ],
      [
        0.12535625402039924,
        0.10126653758698216,
        0.04425132251198011,
        0.07936451995697834,
        0.049302991466132026,
        0.21188103760161736,
        0.14722541037231054,
        1.0,
        0.10768966110706472,
        0.8321428680135197
      ],
      [
        0.026154918538766506,
        0.08113746934265038,
        0.07651231716676722,
        0.06629950931906183,
        0.054558541962408946,
        0.17598019670401488,
        0.0075268581715128065,
        0.10768966110706472,
        1.0,
        0.13517094271240362
      ],
      [
        0.06711310413512588,
        0.11963612396630276,
        0.015660736078539333,
        0.03809864709581277,
        0.0191029693251193,
        0.24284110130251085,
        0.09478878727030995,
        0.8321428680135197,
        0.13517094271240362,
        1.0
      ]
    ],
    "theta": [
      [
        1.0,
        0.0018143875261497034,
        0.47989682489676155,
        0.33320331975174183,
        0.4892374474571884,
        0.02910067199148665,
        0.3523620010615803,
        0.28014918376976833,
        0.01375362095593937,
        0.16256001646388996
      ],
      [
        0.0018143875261497034,
        1.0,
        0.018672189495675767,
        0.017384034047999996,
        0.009209407078874545,
        0.45599498986105325,
        0.0010389434872354229,
        0.06741794352198781,
        0.13670414822187532,
        0.08418477124563159
      ],
      [
        0.47989682489676155,
        0.018672189495675767,
        1.0,
        0.29845902464039914,
        0.8239164332605751,
        0.006538247433651547,
        0.17761538008084782,
        0.06684702327029451,
        0.06965660614581837,
        0.020987826815531786
      ],
      [
        0.33320331975174183,
        0.017384034047999996,
        0.29845902464039914,
        1.0,
        0.28153186673139874,
        0.0920898179309962,
        0.11621604160804178,
        0.11293479377402868,
        0.052693237435278616,
        0.05146615373994323
      ],
      [
        0.4892374474571884,
        0.009209407078874545,
        0.8239164332605751,
        0.28153186673139874,
        1.0,
        0.008300457698728336,
        0.1684540348050991,
        0.09148819133482261,
        0.05374815410858636,
        0.03859574527015023
      ],
      [
        0.02910067199148665,
        0.45599498986105325,
        0.006538247433651547,
        0.0920898179309962,
        0.008300457698728336,
        1.0,
        0.01552727934119328,
        0.21875148495258379,
        0.17786388487189284,
        0.23424689175387775
      ],
      [
        0.3523620010615803,
        0.0010389434872354229,
        0.17761538008084782,
        0.11621604160804178,
        0.1684540348050991,
        0.01552727934119328,
        1.0,
        0.218136527630284,
        0.01056712987255802,
        0.13417668749683268
      ],
      [
        0.28014918376976833,
        0.06741794352198781,
        0.06684702327029451,
        0.11293479377402868,
        0.09148819133482261,
        0.21875148495258379,
        0.218136527630284,
        1.0,
        0.0748318545036708,
        0.7900488681070571
      ],
      [
        0.01375362095593937,
        0.13670414822187532,
        0.06965660614581837,
        0.052693237435278616,
        0.05374815410858636,
        0.17786388487189284,
        0.01056712987255802,
        0.0748318545036708,
        1.0,
        0.11077625780035073
      ],
      [
        0.16256001646388996,
        0.08418477124563159,
        0.020987826815531786,
        0.05146615373994323,
        0.03859574527015023,
        0.23424689175387775,
        0.13417668749683268,
        0.7900488681070571,
        0.11077625780035073,
        1.0
      ]
    ],
    "alpha": [
      [
        1.0,
        0.0014525261762387217,
        0.41952583791372977,
        0.3182322695442101,
        0.4289110789136306,
        0.03947997045040839,
        0.11164543115400138,
        0.1955927876076008,
        0.017474843403489402,
        0.11931646793257161
      ],
      [
        0.0014525261762387217,
        1.0,
        0.04998055222338693,
        0.007783492811369939,
        0.035269194519174846,
        0.08335301558476536,
        0.00370478348363452,
        0.02012635992397879,
        0.05579155309348912,
        0.056177421888841714
      ],
      [
        0.41952583791372977,
        0.04998055222338693,
        1.0,
        0.3228335878192433,
        0.8370992802726601,
        0.019726023069957747,
        0.0925149038353425,
        0.023362470166856705,
        0.030064742920424478,
        0.007596622669202611
      ],
      [
        0.3182322695442101,
        0.007783492811369939,
        0.3228335878192433,
        1.0,
        0.29123282178531273,
        0.002410751068820283,
        0.07357691170151548,
        0.0646713329851515,
        0.02044778125508511,
        0.026640267782541933
      ],
      [
        0.4289110789136306,
        0.035269194519174846,
        0.8370992802726601,
        0.29123282178531273,
        1.0,
        0.020009784671348944,
        0.09472219648552843,
        0.02850192481149118,
        0.01339089842314093,
        0.01177433999618819
      ],
      [
        0.03947997045040839,
        0.08335301558476536,
        0.019726023069957747,
        0.002410751068820283,
        0.020009784671348944,
        1.0,
        0.00045486810172971486,
        0.2104930459264925,
        0.2634532953333999,
        0.2598263379530412
      ],
      [
        0.11164543115400138,
        0.00370478348363452,
        0.0925149038353425,
        0.07357691170151548,
        0.09472219648552843,
        0.00045486810172971486,
        1.0,
        0.17984207908485456,
        0.011839453041488375,
        0.10402279744429067
      ],
      [
        0.1955927876076008,
        0.02012635992397879,
        0.023362470166856705,
        0.0646713329851515,
        0.02850192481149118,
        0.2104930459264925,
        0.17984207908485456,
        1.0,
        0.17587214304420423,
        0.8291193727206362
      ],
      [
        0.017474843403489402,
        0.05579155309348912,
        0.030064742920424478,
        0.02044778125508511,
        0.01339089842314093,
        0.2634532953333999,
        0.011839453041488375,
        0.17587214304420423,
        1.0,
        0.21194743534564675
      ],
      [
        0.11931646793257161,
        0.056177421888841714,
        0.007596622669202611,
        0.026640267782541933,
        0.01177433999618819,
        0.2598263379530412,
        0.10402279744429067,
        0.8291193727206362,
        0.21194743534564675,
        1.0
      ]
    ],
    "beta": [
      [
        1.0,
        0.03369163126010924,
        0.5837833899472973,
        0.39299765920328766,
        0.5899362579131644,
        0.04429972209093831,
        0.08880419796805922,
        0.11135618596096034,
        0.01494137857162679,
        0.05528907861065341
      ],
      [
        0.03369163126010924,
        1.0,
        0.022832416486380853,
        0.01241758564594032,
        0.020965220057670795,
        0.0977385361053284,
        0.0012540701230679412,
        0.06113947113522745,
        0.1674326253503326,
        0.08280686380524652
      ],
      [
        0.5837833899472973,
        0.022832416486380853,
        1.0,
        0.4765223031252187,
        0.9105777448747248,
        0.008109508833042685,
        0.08928651450360997,
        0.06499378580605222,
        0.027876903569362566,
        0.0233956276969417
      ],
      [
        0.39299765920328766,
        0.01241758564594032,
        0.4765223031252187,
        1.0,
        0.45860403292394414,
        0.017740440414095466,
        0.1563610326409625,
        0.08276370460354127,
        0.006102272526885021,
        0.028616704806052905
      ],
      [
        0.5899362579131644,
        0.020965220057670795,
        0.9105777448747248,
        0.45860403292394414,
        1.0,
        0.017033207974499826,
        0.08493563330155494,
        0.03347249541875633,
        0.008022215993721967,
        0.008518254438389992
      ],
      [
        0.04429972209093831,
        0.0977385361053284,
        0.008109508833042685,
        0.017740440414095466,
        0.017033207974499826,
        1.0,
        0.028357253221349084,
        0.28520536216356196,
        0.3145269564895662,
        0.3743899555743787
      ],
      [
        0.08880419796805922,
        0.0012540701230679412,
        0.08928651450360997,
        0.1563610326409625,
        0.08493563330155494,
        0.028357253221349084,
        1.0,
        0.08688900304772075,
        0.01565376077637552,
        0.03625958311520117
      ],
      [
        0.11135618596096034,
        0.06113947113522745,
        0.06499378580605222,
        0.08276370460354127,
        0.03347249541875633,
        0.28520536216356196,
        0.08688900304772075,
        1.0,
        0.3773193830046622,
        0.8982995442880298
      ],
      [
        0.01494137857162679,
        0.1674326253503326,
        0.027876903569362566,
        0.006102272526885021,
        0.008022215993721967,
        0.3145269564895662,
        0.01565376077637552,
        0.3773193830046622,
        1.0,
        0.42327985937041346
      ],
      [
        0.05528907861065341,
        0.08280686380524652,
        0.0233956276969417,
        0.028616704806052905,
        0.008518254438389992,
        0.3743899555743787,
        0.03625958311520117,
        0.8982995442880298,
        0.42327985937041346,
        1.0
      ]
    ],
    "gamma": [
      [
        1.0,
        0.05609549729797438,
        0.6102847944033607,
        0.4044195994756917,
        0.6143673957088963,
        0.04204582978513678,
        0.03314970508569616,
        0.06276199190996092,
        0.005091457145749527,
        0.022007565140165077
      ],
      [
        0.05609549729797438,
        1.0,
        0.010349069631244313,
        0.010317974250609754,
        0.01835694580112146,
        0.06723508871625893,
        0.0015743010291052102,
        0.025846275269696108,
        0.15967888278144865,
        0.033098273292617705
      ],
      [
        0.6102847944033607,
        0.010349069631244313,
        1.0,
        0.4938741323568986,
        0.91666166537659,
        0.002497298774465623,
        0.031016276062183584,
        0.05836185466610542,
        0.021528807794012245,
        0.018010850203248056
      ],
      [
        0.4044195994756917,
        0.010317974250609754,
        0.4938741323568986,
        1.0,
        0.4752543769553217,
        0.023587734881007176,
        0.14315768819028146,
        0.07743911014011133,
        0.0026268247534981925,
        0.022157151759921823
      ],
      [
        0.6143673957088963,
        0.01835694580112146,
        0.91666166537659,
        0.4752543769553217,
        1.0,
        0.012743378550415565,
        0.02934547628378218,
        0.01999444132599135,
        0.0033002488787855977,
        0.002862730620429503
      ],
      [
        0.04204582978513678,
        0.06723508871625893,
        0.002497298774465623,
        0.023587734881007176,
        0.012743378550415565,
        1.0,
        0.04791588687169645,
        0.29039248142585056,
        0.3292125581738646,
        0.38111774319162317
      ],
      [
        0.03314970508569616,
        0.0015743010291052102,
        0.031016276062183584,
        0.14315768819028146,
        0.02934547628378218,
        0.04791588687169645,
        1.0,
        0.041228061088219914,
        0.006895629387666083,
        0.010415783399787576
      ],
      [
        0.06276199190996092,
        0.025846275269696108,
        0.05836185466610542,
        0.07743911014011133,
        0.01999444132599135,
        0.29039248142585056,
        0.041228061088219914,
        1.0,
        0.41420533666350395,
        0.9055562738669163
      ],
      [
        0.005091457145749527,
        0.15967888278144865,
        0.021528807794012245,
        0.0026268247534981925,
        0.0033002488787855977,
        0.3292125581738646,
        0.006895629387666083,
        0.41420533666350395,
        1.0,
        0.4575009009754519
      ],
      [
        0.022007565140165077,
        0.033098273292617705,
        0.018010850203248056,
        0.022157151759921823,
        0.002862730620429503,
        0.38111774319162317,
        0.010415783399787576,
        0.9055562738669163,
        0.4575009009754519,
        1.0
      ]
    ],
    "full": [
      [
        1.0,
        0.03237930148572342,
        0.5565803246662316,
        0.37582642733564664,
        0.5571996725004416,
        0.0370434849804098,
        0.1195472314255596,
        0.11428378329321641,
        0.012981623188632043,
        0.0574843717546271
      ],
      [
        0.03237930148572342,
        1.0,
        0.01724551073741135,
        0.011889833832819456,
        0.01731382056655417,
        0.14012437882688128,
        0.0014667265439373188,
        0.0510666645776401,
        0.14022273502378757,
        0.06741178944239641
      ],
      [
        0.5565803246662316,
        0.01724551073741135,
        1.0,
        0.4290985139977876,
        0.8936722689459026,
        0.005793315316900732,
        0.09282880702830111,
        0.056192042693526734,
        0.0362998182036376,
        0.018734052572755396
      ],
      [
        0.37582642733564664,
        0.011889833832819456,
        0.4290985139977876,
        1.0,
        0.4055861244371514,
        0.0280857491867425,
        0.12818610390474716,
        0.08112196429137376,
        0.018714096246424495,
        0.029196637979840883
      ],
      [
        0.5571996725004416,
        0.01731382056655417,
        0.8936722689459026,
        0.4055861244371514,
        1.0,
        0.01468915058823498,
        0.08970142378140736,
        0.03480448364488922,
        0.017295864986566236,
        0.010535591905560348
      ],
      [
        0.0370434849804098,
        0.14012437882688128,
        0.005793315316900732,
        0.0280857491867425,
        0.01468915058823498,
        1.0,
        0.029781951251062207,
        0.2650608047589086,
        0.28441909157237766,
        0.3371464592744286
      ],
      [
        0.1195472314255596,
        0.0014667265439373188,
        0.09282880702830111,
        0.12818610390474716,
        0.08970142378140736,
        0.029781951251062207,
        1.0,
        0.09585582654551862,
        0.010350268407761884,
        0.048068792995498905
      ],
      [
        0.11428378329321641,
        0.0510666645776401,
        0.056192042693526734,
        0.08112196429137376,
        0.03480448364488922,
        0.2650608047589086,
        0.09585582654551862,
        1.0,
        0.3112605796229364,
        0.8772641171801104
      ],
      [
        0.012981623188632043,
        0.14022273502378757,
        0.0362998182036376,
        0.018714096246424495,
        0.017295864986566236,
        0.28441909157237766,
        0.010350268407761884,
        0.3112605796229364,
        1.0,
        0.3518222708407475
      ],
      [
        0.0574843717546271,
        0.06741178944239641,
        0.018734052572755396,
        0.029196637979840883,
        0.010535591905560348,
        0.3371464592744286,
        0.048068792995498905,
        0.8772641171801104,
        0.3518222708407475,
        1.0
      ]
    ]
  },
  "correlation": [
    [
      1.0,
      -0.24520451337803645,
      0.7261284701600804,
      0.6064869247573978,
      0.7253694120504679,
      -0.15089774222810745,
      0.11064137969878175,
      0.10811882484793425,
      -0.06340150970817333,
      -0.031061706500333606
    ],
    [
      -0.24520451337803642,
      1.0,
      -0.10721156523405842,
      -0.22682104268999348,
      -0.16335905318399144,
      0.2305312604664607,
      -0.2345720495242656,
      0.006319411195896465,
      0.29079332027248467,
      0.05626143800392943
    ],
    [
      0.7261284701600804,
      -0.10721156523405842,
      0.9999999999999999,
      0.6629259915563743,
      0.9487700096640457,
      -0.07947938072896599,
      0.02571629674273008,
      0.03798815215941071,
      0.010291505785531624,
      -0.07780200078119977
    ],
    [
      0.6064869247573978,
      -0.2268210426899935,
      0.6629259915563744,
      1.0,
      0.6416586076497083,
      -0.16088606874089856,
      0.28881642462900226,
      0.11068824664685237,
      -0.05900074499915908,
      -0.02216556737717969
    ],
    [
      0.7253694120504679,
      -0.1633590531839914,
      0.9487700096640457,
      0.6416586076497083,
      0.9999999999999999,
      -0.18300162422395183,
      0.06617763079560994,
      -0.08004110592887008,
      -0.08945507241735916,
      -0.21657667794718133
    ],
    [
      -0.15089774222810742,
      0.2305312604664607,
      -0.07947938072896597,
      -0.16088606874089853,
      -0.18300162422395183,
      1.0,
      -0.24520281100436833,
      0.49110935209646617,
      0.5324456790404754,
      0.5574191761809107
    ],
    [
      0.11064137969878175,
      -0.2345720495242656,
      0.02571629674273008,
      0.2888164246290022,
      0.06617763079560993,
      -0.24520281100436833,
      1.0,
      0.12727601897323607,
      -0.1422177564139985,
      0.012700464638919766
    ],
    [
      0.10811882484793425,
      0.006319411195896466,
      0.03798815215941071,
      0.11068824664685237,
      -0.08004110592887008,
      0.4911093520964661,
      0.12727601897323607,
      1.0,
      0.5459776884032426,
      0.940241359520717
    ],
    [
      -0.06340150970817333,
      0.29079332027248467,
      0.010291505785531625,
      -0.05900074499915908,
      -0.08945507241735917,
      0.5324456790404755,
      -0.1422177564139985,
      0.5459776884032426,
      1.0,
      0.594342023632196
    ],
    [
      -0.031061706500333606,
      0.05626143800392944,
      -0.07780200078119977,
      -0.02216556737717969,
      -0.21657667794718133,
      0.5574191761809107,
      0.012700464638919766,
      0.940241359520717,
      0.594342023632196,
      1.0
    ]
  ],
  "mutual_information": [
    [
      0.0,
      0.4874867626821958,
      0.5561755528653305,
      0.44045273163293314,
      0.547166586656515,
      0.3812622126749271,
      0.4018248306183118,
      0.3159608666888934,
      0.33593664383971683,
      0.3268752197431783
    ],
    [
      0.4874867626821958,
      0.0,
      0.3878012802066186,
      0.31501283072070413,
      0.40886888937780164,
      0.393258196986973,
      0.3473505799540507,
      0.3878518206137369,
      0.3548486475952858,
      0.4187761271682812
    ],
    [
      0.5561755528653305,
      0.3878012802066186,
      0.0,
      0.42756352087553384,
      0.9160759542012354,
      0.3720390976872834,
      0.36804002526173946,
      0.2971874759978722,
      0.2921394747469096,
      0.30639625943410553
    ],
    [
      0.44045273163293314,
      0.31501283072070413,
      0.42756352087553384,
      0.0,
      0.41970628321736975,
      0.3041814622754994,
      0.36880829681323934,
      0.24868665077035787,
      0.2773107813093039,
      0.254872216863714
    ],
    [
      0.547166586656515,
      0.40886888937780164,
      0.9160759542012354,
      0.41970628321736975,
      0.0,
      0.3447126874068353,
      0.3860688557786255,
      0.26527535455015894,
      0.2804972820777284,
      0.2960843950674269
    ],
    [
      0.3812622126749271,
      0.393258196986973,
      0.3720390976872834,
      0.3041814622754994,
      0.3447126874068353,
      0.0,
      0.44961668293227125,
      0.3773228304709095,
      0.3914781587706994,
      0.43847223712810046
    ],
    [
      0.4018248306183118,
      0.3473505799540507,
      0.36804002526173946,
      0.36880829681323934,
      0.3860688557786255,
      0.44961668293227125,
      0.0,
      0.32570684586522325,
      0.31236333654482284,
      0.3881964919809914
    ],
    [
      0.3159608666888934,
      0.3878518206137369,
      0.2971874759978722,
      0.24868665077035787,
      0.26527535455015894,
      0.3773228304709095,
      0.32570684586522325,
      0.0,
      0.3410237462433253,
      0.9999999999304507
    ],
    [
      0.33593664383971683,
      0.3548486475952858,
      0.2921394747469096,
      0.2773107813093039,
      0.2804972820777284,
      0.3914781587706994,
      0.31236333654482284,
      0.3410237462433253,
      0.0,
      0.3728828793200459
    ],
    [
      0.3268752197431783,
      0.4187761271682812,
      0.30639625943410553,
      0.254872216863714,
      0.2960843950674269,
      0.43847223712810046,
      0.3881964919809914,
      0.9999999999304507,
      0.3728828793200459,
      0.0
    ]
  ],
  "network": {
    "global_metrics": {
      "n_nodes": 10,
      "n_edges": 11,
      "density": 0.24444444444444444,
      "is_connected": false,
      "diameter": 1,
      "average_path_length": 1.0,
      "global_efficiency": 1.0,
      "largest_component_size": 4,
      "avg_clustering": 0.7333333333333333,
      "transitivity": 0.9,
      "assortativity": -0.22222222222221427,
      "small_worldness": 0.0,
      "modularity": 0.48073384155021553
    },
    "nodal_metrics": {
      "LT_TA": {
        "degree": 3,
        "degree_centrality": 0.3333333333333333,
        "betweenness_centrality": 0.0,
        "closeness_centrality": 0.3333333333333333,
        "eigenvector_centrality": 0.49999999958483304,
        "pagerank": 0.11264455796232496,
        "clustering": 1.0
      },
      "LT_GL": {
        "degree": 0,
        "degree_centrality": 0.0,
        "betweenness_centrality": 0.0,
        "closeness_centrality": 0.0,
        "eigenvector_centrality": 2.0880974280257097e-53,
        "pagerank": 0.018072289156626516,
        "clustering": 0
      },
      "LT_RF": {
        "degree": 3,
        "degree_centrality": 0.3333333333333333,
        "betweenness_centrality": 0.0,
        "closeness_centrality": 0.3333333333333333,
        "eigenvector_centrality": 0.49999999958483304,
        "pagerank": 0.13821116428297545,
        "clustering": 1.0
      },
      "LT_HAM": {
        "degree": 3,
        "degree_centrality": 0.3333333333333333,
        "betweenness_centrality": 0.0,
        "closeness_centrality": 0.3333333333333333,
        "eigenvector_centrality": 0.49999999958483304,
        "pagerank": 0.09442775442569257,
        "clustering": 1.0
      },
      "LT_VL": {
        "degree": 3,
        "degree_centrality": 0.3333333333333333,
        "betweenness_centrality": 0.0,
        "closeness_centrality": 0.3333333333333333,
        "eigenvector_centrality": 0.49999999958483304,
        "pagerank": 0.1366442341723806,
        "clustering": 1.0
      },
      "RT_TA": {
        "degree": 2,
        "degree_centrality": 0.2222222222222222,
        "betweenness_centrality": 0.0,
        "closeness_centrality": 0.25,
        "eigenvector_centrality": 1.7733420146766574e-05,
        "pagerank": 0.07656608163059866,
        "clustering": 1.0
      },
      "RT_GL": {
        "degree": 0,
        "degree_centrality": 0.0,
        "betweenness_centrality": 0.0,
        "closeness_centrality": 0.0,
        "eigenvector_centrality": 2.0880974280257097e-53,
        "pagerank": 0.018072289156626516,
        "clustering": 0
      },
      "RT_RF": {
        "degree": 2,
        "degree_centrality": 0.2222222222222222,
        "betweenness_centrality": 0.0,
        "closeness_centrality": 0.25,
        "eigenvector_centrality": 1.7733420146766574e-05,
        "pagerank": 0.12850370726484162,
        "clustering": 1.0
      },
      "RT_HAM": {
        "degree": 3,
        "degree_centrality": 0.3333333333333333,
        "betweenness_centrality": 0.013888888888888888,
        "closeness_centrality": 0.3333333333333333,
        "eigenvector_centrality": 2.271254612883535e-05,
        "pagerank": 0.1085873660424169,
        "clustering": 0.6666666666666666
      },
      "RT_VL": {
        "degree": 3,
        "degree_centrality": 0.3333333333333333,
        "betweenness_centrality": 0.013888888888888888,
        "closeness_centrality": 0.3333333333333333,
        "eigenvector_centrality": 2.271254612883535e-05,
        "pagerank": 0.16827055590551618,
        "clustering": 0.6666666666666666
      }
    },
    "communities": {
      "LT_TA": 2,
      "LT_GL": 1,
      "LT_RF": 2,
      "LT_HAM": 2,
      "LT_VL": 2,
      "RT_TA": 0,
      "RT_GL": 3,
      "RT_RF": 0,
      "RT_HAM": 0,
      "RT_VL": 0
    }
  },
  "analysis_time": 48.18621587753296
}