{
  "subject_id": "S24",
  "data_info": {
    "duration": 254.4005,
    "sampling_rate": 2000
  },
  "quality_metrics": {
    "channel_0": {
      "snr_db": -64.63480805044485,
      "rms": 0.3316602744773241,
      "peak_to_peak": 1.02475718810364
    },
    "channel_1": {
      "snr_db": -64.21842060578005,
      "rms": 0.26871349393128136,
      "peak_to_peak": 1.0242497290537833
    },
    "channel_2": {
      "snr_db": -66.85001773888158,
      "rms": 0.24615014449237166,
      "peak_to_peak": 0.988121831844812
    },
    "channel_3": {
      "snr_db": -65.19964021594569,
      "rms": 0.239520117074235,
      "peak_to_peak": 0.9851103079801273
    },
    "channel_4": {
      "snr_db": -62.95210527542571,
      "rms": 0.2642440614642478,
      "peak_to_peak": 1.012828284765688
    },
    "channel_5": {
      "snr_db": -65.41576531716294,
      "rms": 0.2951864574406216,
      "peak_to_peak": 1.0322962239085642
    },
    "channel_6": {
      "snr_db": -65.34278435209124,
      "rms": 0.23152302132217936,
      "peak_to_peak": 1.0620322726787768
    },
    "channel_7": {
      "snr_db": -67.73578027738093,
      "rms": 0.2970797005671197,
      "peak_to_peak": 1.0315326961526217
    },
    "channel_8": {
      "snr_db": -65.17153009990287,
      "rms": 0.1990134857495783,
      "peak_to_peak": 0.996581524336329
    },
    "channel_9": {
      "snr_db": -64.9141410543647,
      "rms": 0.28076279399053666,
      "peak_to_peak": 1.0039108999061737
    }
  },
  "n_cycles": 209,
  "coherence": {
    "delta": [
      [
        1.0,
        0.010836498686683656,
        0.01769096918853252,
        0.10076980038434363,
        0.12361674185624673,
        0.017047235058504803,
        0.14672796583791084,
        0.03711041974830037,
        0.00962984629672592,
        0.06018774059689923
      ],
      [
        0.010836498686683656,
        1.0,
        0.01846749750658419,
        0.0033148149087149576,
        0.008396088396642756,
        0.1544045557507632,
        0.0055746787380053855,
        0.12618943191122003,
        0.02088477557822625,
        0.21968640628738073
      ],
      [
        0.01769096918853252,
        0.01846749750658419,
        1.0,
        0.04223242749384863,
        0.20218464648357504,
        0.14405650558980188,
        0.026269539701567632,
        0.11855830377175644,
        0.040146505773086455,
        0.029451871682340456
      ],
      [
        0.10076980038434363,
        0.0033148149087149576,
        0.04223242749384863,
        1.0,
        0.138416171507451,
        0.001467866697505279,
        0.0670903500545158,
        0.02032268632214597,
        0.0032714285975914813,
        0.0030882816606911216
      ],
      [
        0.12361674185624673,
        0.008396088396642756,
        0.20218464648357504,
        0.138416171507451,
        1.0,
        0.030166189590505977,
        0.11158583119112331,
        0.04029292781175829,
        0.005864531135947212,
        0.004878011413902745
      ],
      [
        0.017047235058504803,
        0.1544045557507632,
        0.14405650558980188,
        0.001467866697505279,
        0.030166189590505977,
        1.0,
        0.010555584937262818,
        0.10794169309561628,
        0.1112777038168472,
        0.34271554511869007
      ],
      [
        0.14672796583791084,
        0.0055746787380053855,
        0.026269539701567632,
        0.0670903500545158,
        0.11158583119112331,
        0.010555584937262818,
        1.0,
        0.004480518617220087,
        0.0009550768666208777,
        0.000674811275847277
      ],
      [
        0.03711041974830037,
        0.12618943191122003,
        0.11855830377175644,
        0.02032268632214597,
        0.04029292781175829,
        0.10794169309561628,
        0.004480518617220087,
        1.0,
        0.02022331831960012,
        0.47567557734552113
      ],
      [
        0.00962984629672592,
        0.02088477557822625,
        0.040146505773086455,
        0.0032714285975914813,
        0.005864531135947212,
        0.1112777038168472,
        0.0009550768666208777,
        0.02022331831960012,
        1.0,
        0.03420833311484093
      ],
      [
        0.06018774059689923,
        0.21968640628738073,
        0.029451871682340456,
        0.0030882816606911216,
        0.004878011413902745,
        0.34271554511869007,
        0.000674811275847277,
        0.47567557734552113,
        0.03420833311484093,
        1.0
      ]
    ],
    "theta": [
      [
        1.0,
        0.005374817954007294,
        0.02912215054068138,
        0.07834901350995685,
        0.24635716223798293,
        0.015826029307705995,
        0.1852820022243708,
        0.066342453856731,
        0.014323635491745576,
        0.05037091642837516
      ],
      [
        0.005374817954007294,
        1.0,
        0.0198129166159296,
        0.001272198252412809,
        0.00886224935342904,
        0.33445894133163845,
        0.004757206098937325,
        0.11479558425533572,
        0.05829289651682908,
        0.2623416088717337
      ],
      [
        0.02912215054068138,
        0.0198129166159296,
        1.0,
        0.04763213850884382,
        0.16029081221830185,
        0.16990983038027044,
        0.012721527879982335,
        0.12763346716942361,
        0.03458847505681827,
        0.06423401622299983
      ],
      [
        0.07834901350995685,
        0.001272198252412809,
        0.04763213850884382,
        1.0,
        0.18838250733243658,
        0.0003425235548393259,
        0.0842985514195751,
        0.027995564932153192,
        0.0031323923819837392,
        0.0036780630057955733
      ],
      [
        0.24635716223798293,
        0.00886224935342904,
        0.16029081221830185,
        0.18838250733243658,
        1.0,
        0.015081570881763125,
        0.10984456454767437,
        0.037281053393708234,
        0.00878301183513975,
        0.005664914898548369
      ],
      [
        0.015826029307705995,
        0.33445894133163845,
        0.16990983038027044,
        0.0003425235548393259,
        0.015081570881763125,
        1.0,
        0.012580139374428352,
        0.1392214621506385,
        0.11789006984183137,
        0.34780674107226145
      ],
      [
        0.1852820022243708,
        0.004757206098937325,
        0.012721527879982335,
        0.0842985514195751,
        0.10984456454767437,
        0.012580139374428352,
        1.0,
        0.0006464796307526882,
        0.0015464058000400043,
        0.001068318904916966
      ],
      [
        0.066342453856731,
        0.11479558425533572,
        0.12763346716942361,
        0.027995564932153192,
        0.037281053393708234,
        0.1392214621506385,
        0.0006464796307526882,
        1.0,
        0.02046073242923942,
        0.3633318318735953
      ],
      [
        0.014323635491745576,
        0.05829289651682908,
        0.03458847505681827,
        0.0031323923819837392,
        0.00878301183513975,
        0.11789006984183137,
        0.0015464058000400043,
        0.02046073242923942,
        1.0,
        0.02782622907898247
      ],
      [
        0.05037091642837516,
        0.2623416088717337,
        0.06423401622299983,
        0.0036780630057955733,
        0.005664914898548369,
        0.34780674107226145,
        0.001068318904916966,
        0.3633318318735953,
        0.02782622907898247,
        1.0
      ]
    ],
    "alpha": [
      [
        1.0,
        0.03491950914288066,
        0.06839570084701357,
        0.10014428150668409,
        0.24559905142641944,
        0.17815986051784988,
        0.05671703701140529,
        0.011281382454073278,
        0.025822333502312365,
        0.060232845188697585
      ],
      [
        0.03491950914288066,
        1.0,
        0.0379782011442776,
        0.0034480347234364414,
        0.010376982182478033,
        0.16754069698771132,
        0.01743422323804492,
        0.13971358829012887,
        0.08734315772294729,
        0.20991583376931533
      ],
      [
        0.06839570084701357,
        0.0379782011442776,
        1.0,
        0.04418628214133293,
        0.19793523996084095,
        0.030888128262596456,
        0.11242216858937099,
        0.1393144926120343,
        0.02896050878438556,
        0.042109946075052855
      ],
      [
        0.10014428150668409,
        0.0034480347234364414,
        0.04418628214133293,
        1.0,
        0.15709719801117908,
        0.01404847287096421,
        0.030974703355119797,
        0.023913077500952378,
        0.016161474119832465,
        0.011698496949947214
      ],
      [
        0.24559905142641944,
        0.010376982182478033,
        0.19793523996084095,
        0.15709719801117908,
        1.0,
        0.05009982272536433,
        0.05682858630033669,
        0.01020586971780105,
        0.021405604620110236,
        0.01971307378843443
      ],
      [
        0.17815986051784988,
        0.16754069698771132,
        0.030888128262596456,
        0.01404847287096421,
        0.05009982272536433,
        1.0,
        0.0029281803771879374,
        0.19457603147823893,
        0.05944236636537933,
        0.3577104863816604
      ],
      [
        0.05671703701140529,
        0.01743422323804492,
        0.11242216858937099,
        0.030974703355119797,
        0.05682858630033669,
        0.0029281803771879374,
        1.0,
        0.03135556983027963,
        0.0011116982366141672,
        0.002012983860455609
      ],
      [
        0.011281382454073278,
        0.13971358829012887,
        0.1393144926120343,
        0.023913077500952378,
        0.01020586971780105,
        0.19457603147823893,
        0.03135556983027963,
        1.0,
        0.01458103686285027,
        0.5305845525092461
      ],
      [
        0.025822333502312365,
        0.08734315772294729,
        0.02896050878438556,
        0.016161474119832465,
        0.021405604620110236,
        0.05944236636537933,
        0.0011116982366141672,
        0.01458103686285027,
        1.0,
        0.03477383977905407
      ],
      [
        0.060232845188697585,
        0.20991583376931533,
        0.042109946075052855,
        0.011698496949947214,
        0.01971307378843443,
        0.3577104863816604,
        0.002012983860455609,
        0.5305845525092461,
        0.03477383977905407,
        1.0
      ]
    ],
    "beta": [
      [
        1.0,
        0.10480447457730385,
        0.12902081884488437,
        0.23270564121664344,
        0.28003911641447304,
        0.3026616073039831,
        0.04678952041767799,
        0.0031560200429941133,
        0.11224501284381136,
        0.06814637302588825
      ],
      [
        0.10480447457730385,
        1.0,
        0.08383929002547275,
        0.0064772606010282015,
        0.019440986466340418,
        0.13245884915465572,
        0.027239233834480465,
        0.09381776591194424,
        0.1735192750626079,
        0.10603393830544522
      ],
      [
        0.12902081884488437,
        0.08383929002547275,
        1.0,
        0.06671955017940691,
        0.42356423977488866,
        0.011987432329953654,
        0.15571073989630527,
        0.185328545884411,
        0.06296484089734017,
        0.040625051314877265
      ],
      [
        0.23270564121664344,
        0.0064772606010282015,
        0.06671955017940691,
        1.0,
        0.22331883602969071,
        0.058901229345371495,
        0.03895455350240527,
        0.013508666576237737,
        0.06725495831287076,
        0.02178611328232936
      ],
      [
        0.28003911641447304,
        0.019440986466340418,
        0.42356423977488866,
        0.22331883602969071,
        1.0,
        0.08071836480298722,
        0.06270849089218702,
        0.007101610161464148,
        0.06871529449896736,
        0.04869617917913022
      ],
      [
        0.3026616073039831,
        0.13245884915465572,
        0.011987432329953654,
        0.058901229345371495,
        0.08071836480298722,
        1.0,
        0.011130711911322852,
        0.26872358398692525,
        0.13852421808468288,
        0.45947532221812404
      ],
      [
        0.04678952041767799,
        0.027239233834480465,
        0.15571073989630527,
        0.03895455350240527,
        0.06270849089218702,
        0.011130711911322852,
        1.0,
        0.03671803332854898,
        0.005718510878936716,
        0.008650782894942132
      ],
      [
        0.0031560200429941133,
        0.09381776591194424,
        0.185328545884411,
        0.013508666576237737,
        0.007101610161464148,
        0.26872358398692525,
        0.03671803332854898,
        1.0,
        0.01690294076151762,
        0.7025426308960674
      ],
      [
        0.11224501284381136,
        0.1735192750626079,
        0.06296484089734017,
        0.06725495831287076,
        0.06871529449896736,
        0.13852421808468288,
        0.005718510878936716,
        0.01690294076151762,
        1.0,
        0.05198166238327897
      ],
      [
        0.06814637302588825,
        0.10603393830544522,
        0.040625051314877265,
        0.02178611328232936,
        0.04869617917913022,
        0.45947532221812404,
        0.008650782894942132,
        0.7025426308960674,
        0.05198166238327897,
        1.0
      ]
    ],
    "gamma": [
      [
        1.0,
        0.13176615681787238,
        0.13513585637936593,
        0.2588859568613297,
        0.2674899329714956,
        0.3360174782318871,
        0.022178554549787684,
        0.0017570500554268773,
        0.14054724182115122,
        0.06255663109626827
      ],
      [
        0.13176615681787238,
        1.0,
        0.09266815392988176,
        0.008711143659515428,
        0.021794810596454325,
        0.10025810266997359,
        0.031032498661445074,
        0.03568210951919894,
        0.20256022167246207,
        0.0344281019172082
      ],
      [
        0.13513585637936593,
        0.09266815392988176,
        1.0,
        0.04916632224672547,
        0.45196680861363153,
        0.008122306897709956,
        0.15130587285763447,
        0.1772364293063443,
        0.06789756414361897,
        0.03193639064847327
      ],
      [
        0.2588859568613297,
        0.008711143659515428,
        0.04916632224672547,
        1.0,
        0.22050604603935842,
        0.07322053904291888,
        0.03746250850396459,
        0.005742181401631021,
        0.08461664046676765,
        0.024576219967475606
      ],
      [
        0.2674899329714956,
        0.021794810596454325,
        0.45196680861363153,
        0.22050604603935842,
        1.0,
        0.08286183544944235,
        0.04091960619477758,
        0.004602492823689691,
        0.082322785611356,
        0.05980434080317748
      ],
      [
        0.3360174782318871,
        0.10025810266997359,
        0.008122306897709956,
        0.07322053904291888,
        0.08286183544944235,
        1.0,
        0.018934632488779274,
        0.27950931459371803,
        0.15905406944077924,
        0.455292943286007
      ],
      [
        0.022178554549787684,
        0.031032498661445074,
        0.15130587285763447,
        0.03746250850396459,
        0.04091960619477758,
        0.018934632488779274,
        1.0,
        0.03706923178623066,
        0.008757012838646735,
        0.011688891549980516
      ],
      [
        0.0017570500554268773,
        0.03568210951919894,
        0.1772364293063443,
        0.005742181401631021,
        0.004602492823689691,
        0.27950931459371803,
        0.03706923178623066,
        1.0,
        0.008750768859164412,
        0.7234957855575681
      ],
      [
        0.14054724182115122,
        0.20256022167246207,
        0.06789756414361897,
        0.08461664046676765,
        0.082322785611356,
        0.15905406944077924,
        0.008757012838646735,
        0.008750768859164412,
        1.0,
        0.046738412666836884
      ],
      [
        0.06255663109626827,
        0.0344281019172082,
        0.03193639064847327,
        0.024576219967475606,
        0.05980434080317748,
        0.455292943286007,
        0.011688891549980516,
        0.7234957855575681,
        0.046738412666836884,
        1.0
      ]
    ],
    "full": [
      [
        1.0,
        0.08769353898991018,
        0.10189710361854826,
        0.2004065573045039,
        0.24590737137632812,
        0.23990878310137953,
        0.06411583271778833,
        0.013327231250501217,
        0.09316322477450084,
        0.06279599156890504
      ],
      [
        0.08769353898991018,
        1.0,
        0.06872492634805195,
        0.006216509499613008,
        0.017136108244371222,
        0.141687281522259,
        0.022881555035241554,
        0.08158228058551356,
        0.1457141395391516,
        0.11599280907874093
      ],
      [
        0.10189710361854826,
        0.06872492634805195,
        1.0,
        0.05299946827608684,
        0.36282202671646197,
        0.04442094104852577,
        0.1197734692112217,
        0.16396622287648743,
        0.05655301382267941,
        0.03749460493573915
      ],
      [
        0.2004065573045039,
        0.006216509499613008,
        0.05299946827608684,
        1.0,
        0.20139366328262095,
        0.047618026339761116,
        0.04558343933947466,
        0.013484583722346427,
        0.05522613532940927,
        0.01781374432644773
      ],
      [
        0.24590737137632812,
        0.017136108244371222,
        0.36282202671646197,
        0.20139366328262095,
        1.0,
        0.0663612622497923,
        0.0650212929056072,
        0.013807052576871605,
        0.0560302142138303,
        0.040687725557476656
      ],
      [
        0.23990878310137953,
        0.141687281522259,
        0.04442094104852577,
        0.047618026339761116,
        0.0663612622497923,
        1.0,
        0.013524269208871516,
        0.23247090682587704,
        0.13455808179873327,
        0.42348571715337174
      ],
      [
        0.06411583271778833,
        0.022881555035241554,
        0.1197734692112217,
        0.04558343933947466,
        0.0650212929056072,
        0.013524269208871516,
        1.0,
        0.028706259918524747,
        0.005479028113759729,
        0.007498347280518328
      ],
      [
        0.013327231250501217,
        0.08158228058551356,
        0.16396622287648743,
        0.013484583722346427,
        0.013807052576871605,
        0.23247090682587704,
        0.028706259918524747,
        1.0,
        0.014373385636398653,
        0.6363782300343073
      ],
      [
        0.09316322477450084,
        0.1457141395391516,
        0.05655301382267941,
        0.05522613532940927,
        0.0560302142138303,
        0.13455808179873327,
        0.005479028113759729,
        0.014373385636398653,
        1.0,
        0.04404888061192451
      ],
      [
        0.06279599156890504,
        0.11599280907874093,
        0.03749460493573915,
        0.01781374432644773,
        0.040687725557476656,
        0.42348571715337174,
        0.007498347280518328,
        0.6363782300343073,
        0.04404888061192451,
        1.0
      ]
    ]
  },
  "correlation": [
    [
      1.0,
      -0.48835492795299795,
      0.2983901517630451,
      0.5355812562903752,
      0.43880870000664035,
      -0.5556430579440356,
      0.2962648462348251,
      -0.16244488159775772,
      -0.4111897024483647,
      -0.3453650243917322
    ],
    [
      -0.48835492795299795,
      1.0,
      -0.24513626686350035,
      -0.23116542332163684,
      -0.18383776096366403,
      0.449906647656733,
      -0.3518537081617312,
      -0.015436284110077513,
      0.46412857940755226,
      0.04500227788391245
    ],
    [
      0.2983901517630451,
      -0.2451362668635003,
      1.0,
      0.23491415574980443,
      0.6563394449602051,
      -0.22826067263596259,
      -0.20608330623568388,
      0.17608927318795556,
      -0.23286365287526936,
      -0.1119545953102014
    ],
    [
      0.5355812562903752,
      -0.2311654233216368,
      0.23491415574980443,
      0.9999999999999998,
      0.4858894078664445,
      -0.3398419005737275,
      0.1933645385978023,
      -0.05480262632696485,
      -0.2509736719841616,
      -0.2599842692653193
    ],
    [
      0.43880870000664035,
      -0.18383776096366405,
      0.656339444960205,
      0.4858894078664445,
      1.0,
      -0.35897341335154276,
      -0.10311800890908665,
      -0.17229295757477037,
      -0.27188482993429175,
      -0.48632815865627643
    ],
    [
      -0.5556430579440356,
      0.449906647656733,
      -0.22826067263596259,
      -0.3398419005737275,
      -0.3589734133515427,
      1.0,
      -0.2952610770637578,
      0.47362227615675745,
      0.5074054951023146,
      0.6154677705204378
    ],
    [
      0.2962648462348251,
      -0.3518537081617312,
      -0.20608330623568386,
      0.19336453859780228,
      -0.10311800890908665,
      -0.2952610770637578,
      0.9999999999999999,
      -0.1481234550987983,
      -0.2219532485526476,
      -0.12265930471529699
    ],
    [
      -0.16244488159775772,
      -0.015436284110077513,
      0.17608927318795556,
      -0.05480262632696485,
      -0.1722929575747704,
      0.4736222761567574,
      -0.1481234550987983,
      1.0,
      0.16762223310966334,
      0.8203712975875467
    ],
    [
      -0.41118970244836467,
      0.46412857940755226,
      -0.23286365287526936,
      -0.25097367198416154,
      -0.27188482993429175,
      0.5074054951023146,
      -0.22195324855264761,
      0.16762223310966334,
      1.0,
      0.3004196918504301
    ],
    [
      -0.3453650243917322,
      0.04500227788391245,
      -0.1119545953102014,
      -0.25998426926531937,
      -0.4863281586562765,
      0.6154677705204379,
      -0.122659304715297,
      0.8203712975875467,
      0.3004196918504301,
      1.0
    ]
  ],
  "mutual_information": [
    [
      0.0,
      0.7569482464138367,
      0.411681538080128,
      0.51627899726404,
      0.4863530415725094,
      0.6865692897350494,
      0.5063807319428023,
      0.4160620144582409,
      0.5075902114748916,
      0.4717680681167816
    ],
    [
      0.7569482464138367,
      0.0,
      0.5081366930481752,
      0.4099224492583008,
      0.5921448879101607,
      0.6008015491455795,
      0.6471300236556412,
      0.5073432761531999,
      0.5602563854513039,
      0.5467308451031292
    ],
    [
      0.411681538080128,
      0.5081366930481752,
      0.0,
      0.33476008591303,
      0.6612032697486537,
      0.3379379059708076,
      0.3974465412668678,
      0.30626169863381786,
      0.32351737082573545,
      0.34668326246214354
    ],
    [
      0.51627899726404,
      0.4099224492583008,
      0.33476008591303,
      0.0,
      0.525912149905584,
      0.44315021090169837,
      0.47101733194634865,
      0.3924073435899228,
      0.4000985891119093,
      0.4689169278939418
    ],
    [
      0.4863530415725094,
      0.5921448879101607,
      0.6612032697486537,
      0.525912149905584,
      0.0,
      0.4457123415259877,
      0.6243064878498702,
      0.5770872563481626,
      0.40991364021305643,
      0.7924015942752075
    ],
    [
      0.6865692897350494,
      0.6008015491455795,
      0.3379379059708076,
      0.44315021090169837,
      0.4457123415259877,
      0.0,
      0.7193777127100236,
      0.5504184647083286,
      0.5422774836954773,
      0.6107704620977167
    ],
    [
      0.5063807319428023,
      0.6471300236556412,
      0.3974465412668678,
      0.47101733194634865,
      0.6243064878498702,
      0.7193777127100236,
      0.0,
      0.5795583693346986,
      0.42062841288778596,
      0.6628340997364106
    ],
    [
      0.4160620144582409,
      0.5073432761531999,
      0.30626169863381786,
      0.3924073435899228,
      0.5770872563481626,
      0.5504184647083286,
      0.5795583693346986,
      0.0,
      0.41596996337406694,
      0.9999999998893278
    ],
    [
      0.5075902114748916,
      0.5602563854513039,
      0.32351737082573545,
      0.4000985891119093,
      0.40991364021305643,
      0.5422774836954773,
      0.42062841288778596,
      0.41596996337406694,
      0.0,
      0.49177852874861033
    ],
    [
      0.4717680681167816,
      0.5467308451031292,
      0.34668326246214354,
      0.4689169278939418,
      0.7924015942752075,
      0.6107704620977167,
      0.6628340997364106,
      0.9999999998893278,
      0.49177852874861033,
      0.0
    ]
  ],
  "network": {
    "global_metrics": {
      "n_nodes": 10,
      "n_edges": 11,
      "density": 0.24444444444444444,
      "is_connected": false,
      "diameter": 4,
      "average_path_length": 2.111111111111111,
      "global_efficiency": 0.590277777777778,
      "largest_component_size": 9,
      "avg_clustering": 0.31666666666666665,
      "transitivity": 0.3157894736842105,
      "assortativity": -0.11392405063291104,
      "small_worldness": 0.0,
      "modularity": 0.3753343705215109
    },
    "nodal_metrics": {
      "LT_TA": {
        "degree": 3,
        "degree_centrality": 0.3333333333333333,
        "betweenness_centrality": 0.2222222222222222,
        "closeness_centrality": 0.5079365079365079,
        "eigenvector_centrality": 0.41031827551072064,
        "pagerank": 0.11255301951526087,
        "clustering": 0.3333333333333333
      },
      "LT_GL": {
        "degree": 2,
        "degree_centrality": 0.2222222222222222,
        "betweenness_centrality": 0.19444444444444442,
        "closeness_centrality": 0.4183006535947712,
        "eigenvector_centrality": 0.2070791730396292,
        "pagerank": 0.07722767247063614,
        "clustering": 0
      },
      "LT_RF": {
        "degree": 2,
        "degree_centrality": 0.2222222222222222,
        "betweenness_centrality": 0.05555555555555555,
        "closeness_centrality": 0.4183006535947712,
        "eigenvector_centrality": 0.27475154841361527,
        "pagerank": 0.08622518608651877,
        "clustering": 0
      },
      "LT_HAM": {
        "degree": 2,
        "degree_centrality": 0.2222222222222222,
        "betweenness_centrality": 0.0,
        "closeness_centrality": 0.3742690058479532,
        "eigenvector_centrality": 0.2789665522718369,
        "pagerank": 0.07220816208905588,
        "clustering": 1.0
      },
      "LT_VL": {
        "degree": 3,
        "degree_centrality": 0.3333333333333333,
        "betweenness_centrality": 0.06944444444444445,
        "closeness_centrality": 0.4183006535947712,
        "eigenvector_centrality": 0.3525364096131867,
        "pagerank": 0.13191928446619616,
        "clustering": 0.3333333333333333
      },
      "RT_TA": {
        "degree": 4,
        "degree_centrality": 0.4444444444444444,
        "betweenness_centrality": 0.4444444444444444,
        "closeness_centrality": 0.5925925925925926,
        "eigenvector_centrality": 0.49053960861738166,
        "pagerank": 0.16032008534148745,
        "clustering": 0.16666666666666666
      },
      "RT_GL": {
        "degree": 0,
        "degree_centrality": 0.0,
        "betweenness_centrality": 0.0,
        "closeness_centrality": 0.0,
        "eigenvector_centrality": 9.150006893816648e-14,
        "pagerank": 0.016393442622950824,
        "clustering": 0
      },
      "RT_RF": {
        "degree": 3,
        "degree_centrality": 0.3333333333333333,
        "betweenness_centrality": 0.125,
        "closeness_centrality": 0.47407407407407404,
        "eigenvector_centrality": 0.3987893774690485,
        "pagerank": 0.14534280991017798,
        "clustering": 0.3333333333333333
      },
      "RT_HAM": {
        "degree": 1,
        "degree_centrality": 0.1111111111111111,
        "betweenness_centrality": 0.0,
        "closeness_centrality": 0.2962962962962963,
        "eigenvector_centrality": 0.07572744980074546,
        "pagerank": 0.04967442118412131,
        "clustering": 0
      },
      "RT_VL": {
        "degree": 2,
        "degree_centrality": 0.2222222222222222,
        "betweenness_centrality": 0.0,
        "closeness_centrality": 0.4183006535947712,
        "eigenvector_centrality": 0.3252195201276988,
        "pagerank": 0.14813591631359474,
        "clustering": 1.0
      }
    },
    "communities": {
      "LT_TA": 3,
      "LT_GL": 1,
      "LT_RF": 3,
      "LT_HAM": 3,
      "LT_VL": 3,
      "RT_TA": 0,
      "RT_GL": 2,
      "RT_RF": 0,
      "RT_HAM": 1,
      "RT_VL": 0
    }
  },
  "analysis_time": 100.44489407539368
}