{
  "subject_id": "S25",
  "data_info": {
    "duration": 186.4105,
    "sampling_rate": 2000
  },
  "quality_metrics": {
    "channel_0": {
      "snr_db": -66.00417420654134,
      "rms": 0.2532348630081657,
      "peak_to_peak": 1.0157967486131314
    },
    "channel_1": {
      "snr_db": -67.80675817492784,
      "rms": 0.2872499701322551,
      "peak_to_peak": 1.0710087613929442
    },
    "channel_2": {
      "snr_db": -67.52307256672037,
      "rms": 0.2820923474574349,
      "peak_to_peak": 0.9915994625284483
    },
    "channel_3": {
      "snr_db": -66.61729644143362,
      "rms": 0.2471600868089348,
      "peak_to_peak": 1.031716030652882
    },
    "channel_4": {
      "snr_db": -68.09923110121062,
      "rms": 0.320503028696484,
      "peak_to_peak": 1.1162338220006112
    },
    "channel_5": {
      "snr_db": -64.70779838031417,
      "rms": 0.3229758243679449,
      "peak_to_peak": 1.038297090210097
    },
    "channel_6": {
      "snr_db": -67.08848933346067,
      "rms": 0.21962186295802866,
      "peak_to_peak": 1.052875423626149
    },
    "channel_7": {
      "snr_db": -66.81206195995098,
      "rms": 0.2883450516194086,
      "peak_to_peak": 0.9947088947917367
    },
    "channel_8": {
      "snr_db": -66.5052157957127,
      "rms": 0.23435699972446253,
      "peak_to_peak": 0.9942547380533339
    },
    "channel_9": {
      "snr_db": -65.850642203597,
      "rms": 0.2810546367936899,
      "peak_to_peak": 1.0309803031509777
    }
  },
  "n_cycles": 195,
  "coherence": {
    "delta": [
      [
        1.0,
        0.004255318991519823,
        0.000966526585670064,
        0.05142417090867006,
        0.21933909099760682,
        0.20907921521854694,
        0.01629723429744711,
        0.24367779954339724,
        0.009816732502868247,
        0.22728618766015385
      ],
      [
        0.004255318991519823,
        1.0,
        0.1871912310503255,
        0.5831740510350941,
        0.02742721671523187,
        0.0458447498151934,
        0.18695988442814415,
        0.016352111508821807,
        0.05765364728467505,
        0.011906477751007198
      ],
      [
        0.000966526585670064,
        0.1871912310503255,
        1.0,
        0.13622342725570177,
        0.08651856651059121,
        0.015245029861372265,
        0.4034624239082998,
        0.011100107227274926,
        0.031084367912192656,
        0.01600675060828219
      ],
      [
        0.05142417090867006,
        0.5831740510350941,
        0.13622342725570177,
        1.0,
        0.0805899576220856,
        0.13929579061283914,
        0.35501566173727495,
        0.01013795667274463,
        0.002951572875309824,
        0.010841448094343918
      ],
      [
        0.21933909099760682,
        0.02742721671523187,
        0.08651856651059121,
        0.0805899576220856,
        1.0,
        0.3477372975169336,
        0.12256912319551375,
        0.34587616880309147,
        0.15851207750176305,
        0.3215057215340119
      ],
      [
        0.20907921521854694,
        0.0458447498151934,
        0.015245029861372265,
        0.13929579061283914,
        0.3477372975169336,
        1.0,
        0.06907825546432303,
        0.32634882865809145,
        0.08623004995966031,
        0.2662706010102709
      ],
      [
        0.01629723429744711,
        0.18695988442814415,
        0.4034624239082998,
        0.35501566173727495,
        0.12256912319551375,
        0.06907825546432303,
        1.0,
        0.0021549857084441817,
        0.02118418225390397,
        0.0075862849115477604
      ],
      [
        0.24367779954339724,
        0.016352111508821807,
        0.011100107227274926,
        0.01013795667274463,
        0.34587616880309147,
        0.32634882865809145,
        0.0021549857084441817,
        1.0,
        0.14160678519003178,
        0.7798072343976576
      ],
      [
        0.009816732502868247,
        0.05765364728467505,
        0.031084367912192656,
        0.002951572875309824,
        0.15851207750176305,
        0.08623004995966031,
        0.02118418225390397,
        0.14160678519003178,
        1.0,
        0.1808238314958281
      ],
      [
        0.22728618766015385,
        0.011906477751007198,
        0.01600675060828219,
        0.010841448094343918,
        0.3215057215340119,
        0.2662706010102709,
        0.0075862849115477604,
        0.7798072343976576,
        0.1808238314958281,
        1.0
      ]
    ],
    "theta": [
      [
        1.0,
        0.041171548156538486,
        0.007696744147158288,
        0.047802783450304406,
        0.1614144852846658,
        0.22145055235914884,
        0.029512395851624667,
        0.32734074930854296,
        0.012056256477842784,
        0.2823080524471312
      ],
      [
        0.041171548156538486,
        1.0,
        0.1916724716275904,
        0.4889471110727109,
        0.046320816029039605,
        0.09805151351903535,
        0.24553774082054378,
        0.03844792309796859,
        0.05184477126148433,
        0.034042377013256506
      ],
      [
        0.007696744147158288,
        0.1916724716275904,
        1.0,
        0.18474714881370793,
        0.08871731041509484,
        0.025805927672390705,
        0.3531193195454831,
        0.01255134292777012,
        0.019382257274403104,
        0.012475609920889325
      ],
      [
        0.047802783450304406,
        0.4889471110727109,
        0.18474714881370793,
        1.0,
        0.15008137701194205,
        0.1382173834704396,
        0.49605770784346465,
        0.029368425676095586,
        0.016312575143098064,
        0.020080485361814226
      ],
      [
        0.1614144852846658,
        0.046320816029039605,
        0.08871731041509484,
        0.15008137701194205,
        1.0,
        0.3845193629556933,
        0.1609549938158034,
        0.30483731368894995,
        0.17679493439860694,
        0.21573635733578841
      ],
      [
        0.22145055235914884,
        0.09805151351903535,
        0.025805927672390705,
        0.1382173834704396,
        0.3845193629556933,
        1.0,
        0.10306329465304088,
        0.25656203184024534,
        0.17050659834501258,
        0.15588002554399583
      ],
      [
        0.029512395851624667,
        0.24553774082054378,
        0.3531193195454831,
        0.49605770784346465,
        0.1609549938158034,
        0.10306329465304088,
        1.0,
        0.016270651340430136,
        0.03152655002833705,
        0.009985919723735701
      ],
      [
        0.32734074930854296,
        0.03844792309796859,
        0.01255134292777012,
        0.029368425676095586,
        0.30483731368894995,
        0.25656203184024534,
        0.016270651340430136,
        1.0,
        0.09649167218978452,
        0.6715233965852632
      ],
      [
        0.012056256477842784,
        0.05184477126148433,
        0.019382257274403104,
        0.016312575143098064,
        0.17679493439860694,
        0.17050659834501258,
        0.03152655002833705,
        0.09649167218978452,
        1.0,
        0.09230854969544283
      ],
      [
        0.2823080524471312,
        0.034042377013256506,
        0.012475609920889325,
        0.020080485361814226,
        0.21573635733578841,
        0.15588002554399583,
        0.009985919723735701,
        0.6715233965852632,
        0.09230854969544283,
        1.0
      ]
    ],
    "alpha": [
      [
        1.0,
        0.012116678352358823,
        0.012250091337258623,
        0.03898978230162405,
        0.12861808556242535,
        0.025785592068556358,
        0.019774649767836765,
        0.22699261267634346,
        0.053711804819262646,
        0.2224907535183719
      ],
      [
        0.012116678352358823,
        1.0,
        0.2303564923629382,
        0.6332663359455317,
        0.08964606287593882,
        0.04003234855740573,
        0.2978886026843006,
        0.0480601856825197,
        0.06402838005845657,
        0.03774202078658589
      ],
      [
        0.012250091337258623,
        0.2303564923629382,
        1.0,
        0.16082915999257724,
        0.07113228707788248,
        0.007646902349751271,
        0.3445673925714389,
        0.04309091441360022,
        0.03553373476356049,
        0.028033493088367445
      ],
      [
        0.03898978230162405,
        0.6332663359455317,
        0.16082915999257724,
        1.0,
        0.013293886061054425,
        0.08424397162943702,
        0.19687727899517818,
        0.015293950079726901,
        0.0195931207149205,
        0.007913927400056897
      ],
      [
        0.12861808556242535,
        0.08964606287593882,
        0.07113228707788248,
        0.013293886061054425,
        1.0,
        0.32225987979923526,
        0.11696714248138107,
        0.251828432717454,
        0.11099471701723765,
        0.16639180487532898
      ],
      [
        0.025785592068556358,
        0.04003234855740573,
        0.007646902349751271,
        0.08424397162943702,
        0.32225987979923526,
        1.0,
        0.04071851052810305,
        0.1439189098458624,
        0.18198781564077554,
        0.09084857279910603
      ],
      [
        0.019774649767836765,
        0.2978886026843006,
        0.3445673925714389,
        0.19687727899517818,
        0.11696714248138107,
        0.04071851052810305,
        1.0,
        0.02743242821047407,
        0.09292533068793456,
        0.05075599619011809
      ],
      [
        0.22699261267634346,
        0.0480601856825197,
        0.04309091441360022,
        0.015293950079726901,
        0.251828432717454,
        0.1439189098458624,
        0.02743242821047407,
        1.0,
        0.25515388503313263,
        0.7586851074579584
      ],
      [
        0.053711804819262646,
        0.06402838005845657,
        0.03553373476356049,
        0.0195931207149205,
        0.11099471701723765,
        0.18198781564077554,
        0.09292533068793456,
        0.25515388503313263,
        1.0,
        0.30476403646998607
      ],
      [
        0.2224907535183719,
        0.03774202078658589,
        0.028033493088367445,
        0.007913927400056897,
        0.16639180487532898,
        0.09084857279910603,
        0.05075599619011809,
        0.7586851074579584,
        0.30476403646998607,
        1.0
      ]
    ],
    "beta": [
      [
        1.0,
        0.04157879203674053,
        0.005663254973062094,
        0.01331317581493841,
        0.19972196599801662,
        0.017969064872322707,
        0.009356705233717389,
        0.1278634295178828,
        0.09556642418138178,
        0.12025410126095523
      ],
      [
        0.04157879203674053,
        1.0,
        0.2823381001151155,
        0.7845594578879567,
        0.1410206230188983,
        0.002668024348409067,
        0.16149970013814605,
        0.05735748027621151,
        0.044079278714378334,
        0.02542514404203729
      ],
      [
        0.005663254973062094,
        0.2823381001151155,
        1.0,
        0.28575260032889116,
        0.0767017077103685,
        0.046489747555888104,
        0.47115480657336256,
        0.02479263778006785,
        0.03534170823409516,
        0.02391605944126628
      ],
      [
        0.01331317581493841,
        0.7845594578879567,
        0.28575260032889116,
        1.0,
        0.03390990550296738,
        0.04927031945016201,
        0.13214325124713716,
        0.013399805489499397,
        0.006641588081573512,
        0.00479125017572963
      ],
      [
        0.19972196599801662,
        0.1410206230188983,
        0.0767017077103685,
        0.03390990550296738,
        1.0,
        0.1724949848786094,
        0.04275481423726096,
        0.4032016111219009,
        0.1687260828637125,
        0.33959163878689735
      ],
      [
        0.017969064872322707,
        0.002668024348409067,
        0.046489747555888104,
        0.04927031945016201,
        0.1724949848786094,
        1.0,
        0.05720928514560952,
        0.2345945564475317,
        0.21803546981059557,
        0.21249332012551794
      ],
      [
        0.009356705233717389,
        0.16149970013814605,
        0.47115480657336256,
        0.13214325124713716,
        0.04275481423726096,
        0.05720928514560952,
        1.0,
        0.061528763776515574,
        0.11556373440861158,
        0.09035635480121683
      ],
      [
        0.1278634295178828,
        0.05735748027621151,
        0.02479263778006785,
        0.013399805489499397,
        0.4032016111219009,
        0.2345945564475317,
        0.061528763776515574,
        1.0,
        0.5396856804850569,
        0.8908531062842953
      ],
      [
        0.09556642418138178,
        0.044079278714378334,
        0.03534170823409516,
        0.006641588081573512,
        0.1687260828637125,
        0.21803546981059557,
        0.11556373440861158,
        0.5396856804850569,
        1.0,
        0.5827298474893029
      ],
      [
        0.12025410126095523,
        0.02542514404203729,
        0.02391605944126628,
        0.00479125017572963,
        0.33959163878689735,
        0.21249332012551794,
        0.09035635480121683,
        0.8908531062842953,
        0.5827298474893029,
        1.0
      ]
    ],
    "gamma": [
      [
        1.0,
        0.044197562640674856,
        0.0017349134492158883,
        0.009548171286861286,
        0.17834607073940453,
        0.03723506248187426,
        0.010307216539191573,
        0.04231604512051874,
        0.07279350623199723,
        0.0399482701462459
      ],
      [
        0.044197562640674856,
        1.0,
        0.21834845538004277,
        0.8049947762726608,
        0.1604938369979421,
        0.0015453227470065528,
        0.05208768323179128,
        0.04992004118137146,
        0.03020593271788042,
        0.0176715728383438
      ],
      [
        0.0017349134492158883,
        0.21834845538004277,
        1.0,
        0.25809904680612067,
        0.06409508746360656,
        0.06678300851135609,
        0.4722906142439349,
        0.008150127555796386,
        0.022249387644449288,
        0.01665099410266054
      ],
      [
        0.009548171286861286,
        0.8049947762726608,
        0.25809904680612067,
        1.0,
        0.05555482903753291,
        0.032415393438525904,
        0.04626942944769226,
        0.007238885935767681,
        0.00216762902571985,
        0.0025101751946288594
      ],
      [
        0.17834607073940453,
        0.1604938369979421,
        0.06409508746360656,
        0.05555482903753291,
        1.0,
        0.10915761762170602,
        0.014341797769957684,
        0.4122415812977264,
        0.17218331782695745,
        0.35680206518245355
      ],
      [
        0.03723506248187426,
        0.0015453227470065528,
        0.06678300851135609,
        0.032415393438525904,
        0.10915761762170602,
        1.0,
        0.11415079727574202,
        0.24829920956039064,
        0.23870096727847642,
        0.23182396963145244
      ],
      [
        0.010307216539191573,
        0.05208768323179128,
        0.4722906142439349,
        0.04626942944769226,
        0.014341797769957684,
        0.11415079727574202,
        1.0,
        0.06693018238214896,
        0.11687917356081416,
        0.10268126026330046
      ],
      [
        0.04231604512051874,
        0.04992004118137146,
        0.008150127555796386,
        0.007238885935767681,
        0.4122415812977264,
        0.24829920956039064,
        0.06693018238214896,
        1.0,
        0.5889345352375603,
        0.9026321219740708
      ],
      [
        0.07279350623199723,
        0.03020593271788042,
        0.022249387644449288,
        0.00216762902571985,
        0.17218331782695745,
        0.23870096727847642,
        0.11687917356081416,
        0.5889345352375603,
        1.0,
        0.6248449447860313
      ],
      [
        0.0399482701462459,
        0.0176715728383438,
        0.01665099410266054,
        0.0025101751946288594,
        0.35680206518245355,
        0.23182396963145244,
        0.10268126026330046,
        0.9026321219740708,
        0.6248449447860313,
        1.0
      ]
    ],
    "full": [
      [
        1.0,
        0.034546295834021024,
        0.004092882753391143,
        0.02235649748179451,
        0.18610222850241492,
        0.0710343189818047,
        0.013141878295783312,
        0.13574791574967737,
        0.06397190416833501,
        0.126163764389297
      ],
      [
        0.034546295834021024,
        1.0,
        0.2321158541116812,
        0.7270594816925817,
        0.11979792226159583,
        0.019090159448884376,
        0.14029102531328258,
        0.04601865067767963,
        0.04296363264124665,
        0.021973522589363463
      ],
      [
        0.004092882753391143,
        0.2321158541116812,
        1.0,
        0.23473298451260435,
        0.07385915374412819,
        0.044908994040401495,
        0.4423602967266652,
        0.016751050822705654,
        0.02843834607853661,
        0.019341677884937618
      ],
      [
        0.02235649748179451,
        0.7270594816925817,
        0.23473298451260435,
        1.0,
        0.05676684196282321,
        0.06617009087067942,
        0.16637588173386172,
        0.011902456979857519,
        0.006093333774117808,
        0.006261014278970906
      ],
      [
        0.18610222850241492,
        0.11979792226159583,
        0.07385915374412819,
        0.05676684196282321,
        1.0,
        0.2029247588778279,
        0.05890681757592648,
        0.37864864884529403,
        0.1646642097699237,
        0.32057819125684606
      ],
      [
        0.0710343189818047,
        0.019090159448884376,
        0.044908994040401495,
        0.06617009087067942,
        0.2029247588778279,
        1.0,
        0.08319457254391832,
        0.2486963748149516,
        0.19927701765691333,
        0.2144894560786906
      ],
      [
        0.013141878295783312,
        0.14029102531328258,
        0.4423602967266652,
        0.16637588173386172,
        0.05890681757592648,
        0.08319457254391832,
        1.0,
        0.04836761676804613,
        0.09334392697404591,
        0.07313432355833223
      ],
      [
        0.13574791574967737,
        0.04601865067767963,
        0.016751050822705654,
        0.011902456979857519,
        0.37864864884529403,
        0.2486963748149516,
        0.04836761676804613,
        1.0,
        0.4414057327485393,
        0.8512612313727745
      ],
      [
        0.06397190416833501,
        0.04296363264124665,
        0.02843834607853661,
        0.006093333774117808,
        0.1646642097699237,
        0.19927701765691333,
        0.09334392697404591,
        0.4414057327485393,
        1.0,
        0.4779895663880348
      ],
      [
        0.126163764389297,
        0.021973522589363463,
        0.019341677884937618,
        0.006261014278970906,
        0.32057819125684606,
        0.2144894560786906,
        0.07313432355833223,
        0.8512612313727745,
        0.4779895663880348,
        1.0
      ]
    ]
  },
  "correlation": [
    [
      1.0,
      -0.1584312674074089,
      -0.168177373003862,
      -0.07244865268278002,
      -0.3882134361199101,
      0.23102170864304408,
      -0.2889303814970219,
      0.08262902173746907,
      0.29616729453946344,
      0.09629661538133026
    ],
    [
      -0.1584312674074089,
      1.0,
      0.4169078878246792,
      0.8561957663692573,
      0.18302290094147278,
      -0.11333612079012771,
      0.030599495103964716,
      -0.033942485671007085,
      0.021358905676957116,
      -0.1274774440977814
    ],
    [
      -0.168177373003862,
      0.4169078878246792,
      0.9999999999999998,
      0.404962346096478,
      0.2577837206229571,
      -0.2551874185785573,
      0.6706097977011274,
      -0.11296701559319593,
      -0.1628462632616201,
      -0.1939331900164339
    ],
    [
      -0.07244865268278002,
      0.8561957663692573,
      0.404962346096478,
      1.0,
      -0.024211660906127246,
      -0.24529418853003626,
      0.011186955633346252,
      -0.18897152136025291,
      -0.16183339665398,
      -0.29744194188551987
    ],
    [
      -0.38821343611991016,
      0.18302290094147275,
      0.2577837206229571,
      -0.024211660906127246,
      0.9999999999999999,
      0.28822905149255856,
      0.23410434041239533,
      0.5085422740965638,
      0.31091250349386845,
      0.4832410914735259
    ],
    [
      0.23102170864304408,
      -0.1133361207901277,
      -0.2551874185785573,
      -0.2452941885300363,
      0.2882290514925585,
      0.9999999999999999,
      -0.276238900109095,
      0.5049867837183603,
      0.43552284396893176,
      0.4795431216147112
    ],
    [
      -0.2889303814970219,
      0.030599495103964716,
      0.6706097977011274,
      0.011186955633346252,
      0.2341043404123953,
      -0.276238900109095,
      1.0,
      -0.22781820281455525,
      -0.24423973128131565,
      -0.2609493666773389
    ],
    [
      0.08262902173746907,
      -0.033942485671007085,
      -0.11296701559319593,
      -0.18897152136025291,
      0.5085422740965638,
      0.5049867837183603,
      -0.22781820281455525,
      1.0,
      0.649958692022003,
      0.9350636095121491
    ],
    [
      0.29616729453946344,
      0.021358905676957113,
      -0.1628462632616201,
      -0.16183339665398,
      0.3109125034938684,
      0.43552284396893176,
      -0.24423973128131565,
      0.6499586920220031,
      1.0,
      0.6856999310990973
    ],
    [
      0.09629661538133026,
      -0.1274774440977814,
      -0.1939331900164339,
      -0.29744194188551987,
      0.4832410914735259,
      0.4795431216147112,
      -0.2609493666773389,
      0.9350636095121492,
      0.6856999310990973,
      1.0
    ]
  ],
  "mutual_information": [
    [
      0.0,
      0.4882063031835539,
      0.33750136039406653,
      0.6384969845318916,
      0.3625074205675855,
      0.497553933664719,
      0.48530662816951253,
      0.37061053360430574,
      0.4788305626862691,
      0.41314774125496495
    ],
    [
      0.4882063031835539,
      0.0,
      0.3692844369508798,
      0.8122104507809044,
      0.35019763611170995,
      0.33717507294421745,
      0.3819243644932509,
      0.2788900054035155,
      0.37099849105159455,
      0.3127170246421283
    ],
    [
      0.33750136039406653,
      0.3692844369508798,
      0.0,
      0.48918245686986944,
      0.26589289785766757,
      0.448812374082386,
      0.5699209214809524,
      0.3917284580557282,
      0.3762434084694564,
      0.4493058699422575
    ],
    [
      0.6384969845318916,
      0.8122104507809044,
      0.48918245686986944,
      0.0,
      0.36120791156943166,
      0.42385126477641,
      0.5793798478942023,
      0.38104774232169547,
      0.39473008468305093,
      0.42639231295461905
    ],
    [
      0.3625074205675855,
      0.35019763611170995,
      0.26589289785766757,
      0.36120791156943166,
      0.0,
      0.3663970421253741,
      0.3778376627766076,
      0.43930672595600884,
      0.3296305683614986,
      0.4588614130248698
    ],
    [
      0.497553933664719,
      0.33717507294421745,
      0.448812374082386,
      0.42385126477641,
      0.3663970421253741,
      0.0,
      0.7351984424509066,
      0.4654618552121541,
      0.42839244716395625,
      0.5584722889262856
    ],
    [
      0.48530662816951253,
      0.3819243644932509,
      0.5699209214809524,
      0.5793798478942023,
      0.3778376627766076,
      0.7351984424509066,
      0.0,
      0.44471245056208375,
      0.4031411050207992,
      0.5157706486149933
    ],
    [
      0.37061053360430574,
      0.2788900054035155,
      0.3917284580557282,
      0.38104774232169547,
      0.43930672595600884,
      0.4654618552121541,
      0.44471245056208375,
      0.0,
      0.5591982442252852,
      0.9999999998947515
    ],
    [
      0.4788305626862691,
      0.37099849105159455,
      0.3762434084694564,
      0.39473008468305093,
      0.3296305683614986,
      0.42839244716395625,
      0.4031411050207992,
      0.5591982442252852,
      0.0,
      0.6222562785851566
    ],
    [
      0.41314774125496495,
      0.3127170246421283,
      0.4493058699422575,
      0.42639231295461905,
      0.4588614130248698,
      0.5584722889262856,
      0.5157706486149933,
      0.9999999998947515,
      0.6222562785851566,
      0.0
    ]
  ],
  "network": {
    "global_metrics": {
      "n_nodes": 10,
      "n_edges": 11,
      "density": 0.24444444444444444,
      "is_connected": false,
      "diameter": 2,
      "average_path_length": 1.3,
      "global_efficiency": 0.85,
      "largest_component_size": 5,
      "avg_clustering": 0.6333333333333333,
      "transitivity": 0.6,
      "assortativity": -0.4102564102564102,
      "small_worldness": 0.0,
      "modularity": 0.45972738180277295
    },
    "nodal_metrics": {
      "LT_TA": {
        "degree": 0,
        "degree_centrality": 0.0,
        "betweenness_centrality": 0.0,
        "closeness_centrality": 0.0,
        "eigenvector_centrality": 2.3044101998352597e-29,
        "pagerank": 0.016393442622950824,
        "clustering": 0
      },
      "LT_GL": {
        "degree": 2,
        "degree_centrality": 0.2222222222222222,
        "betweenness_centrality": 0.0,
        "closeness_centrality": 0.25,
        "eigenvector_centrality": 8.293359913163407e-06,
        "pagerank": 0.12211279274135681,
        "clustering": 1.0
      },
      "LT_RF": {
        "degree": 3,
        "degree_centrality": 0.3333333333333333,
        "betweenness_centrality": 0.05555555555555555,
        "closeness_centrality": 0.3333333333333333,
        "eigenvector_centrality": 9.703948363118559e-06,
        "pagerank": 0.12466833343394919,
        "clustering": 0.3333333333333333
      },
      "LT_HAM": {
        "degree": 2,
        "degree_centrality": 0.2222222222222222,
        "betweenness_centrality": 0.0,
        "closeness_centrality": 0.25,
        "eigenvector_centrality": 8.293359913163407e-06,
        "pagerank": 0.12242870722761895,
        "clustering": 1.0
      },
      "LT_VL": {
        "degree": 2,
        "degree_centrality": 0.2222222222222222,
        "betweenness_centrality": 0.0,
        "closeness_centrality": 0.2962962962962963,
        "eigenvector_centrality": 0.3651483716241528,
        "pagerank": 0.06960998460925565,
        "clustering": 1.0
      },
      "RT_TA": {
        "degree": 2,
        "degree_centrality": 0.2222222222222222,
        "betweenness_centrality": 0.0,
        "closeness_centrality": 0.2962962962962963,
        "eigenvector_centrality": 0.3651483716241528,
        "pagerank": 0.05164527589303722,
        "clustering": 1.0
      },
      "RT_GL": {
        "degree": 1,
        "degree_centrality": 0.1111111111111111,
        "betweenness_centrality": 0.0,
        "closeness_centrality": 0.19999999999999998,
        "eigenvector_centrality": 4.47168738339359e-06,
        "pagerank": 0.06794863654243004,
        "clustering": 0
      },
      "RT_RF": {
        "degree": 4,
        "degree_centrality": 0.4444444444444444,
        "betweenness_centrality": 0.041666666666666664,
        "closeness_centrality": 0.4444444444444444,
        "eigenvector_centrality": 0.5477225574362291,
        "pagerank": 0.17199853793303924,
        "clustering": 0.5
      },
      "RT_HAM": {
        "degree": 2,
        "degree_centrality": 0.2222222222222222,
        "betweenness_centrality": 0.0,
        "closeness_centrality": 0.2962962962962963,
        "eigenvector_centrality": 0.3651483716241528,
        "pagerank": 0.08636194001255262,
        "clustering": 1.0
      },
      "RT_VL": {
        "degree": 4,
        "degree_centrality": 0.4444444444444444,
        "betweenness_centrality": 0.041666666666666664,
        "closeness_centrality": 0.4444444444444444,
        "eigenvector_centrality": 0.5477225574362291,
        "pagerank": 0.16683234898380955,
        "clustering": 0.5
      }
    },
    "communities": {
      "LT_TA": 0,
      "LT_GL": 2,
      "LT_RF": 2,
      "LT_HAM": 2,
      "LT_VL": 1,
      "RT_TA": 1,
      "RT_GL": 2,
      "RT_RF": 1,
      "RT_HAM": 1,
      "RT_VL": 1
    }
  },
  "analysis_time": 71.65843105316162
}