{
  "subject_id": "S29",
  "data_info": {
    "duration": 312.9605,
    "sampling_rate": 2000
  },
  "quality_metrics": {
    "channel_0": {
      "snr_db": -65.82614550042172,
      "rms": 0.30193041648902386,
      "peak_to_peak": 1.0346921978664025
    },
    "channel_1": {
      "snr_db": -64.45845153062412,
      "rms": 0.2648717459934124,
      "peak_to_peak": 1.03028738640101
    },
    "channel_2": {
      "snr_db": -65.84031317415297,
      "rms": 0.21926180474866,
      "peak_to_peak": 1.0194597780859163
    },
    "channel_3": {
      "snr_db": -65.40764149899937,
      "rms": 0.2041834893756339,
      "peak_to_peak": 1.0064879653676175
    },
    "channel_4": {
      "snr_db": -64.13814603904545,
      "rms": 0.2750405064027855,
      "peak_to_peak": 1.01099114484037
    },
    "channel_5": {
      "snr_db": -66.26023057746126,
      "rms": 0.2892924886938208,
      "peak_to_peak": 1.0323288325654885
    },
    "channel_6": {
      "snr_db": -64.65752379436906,
      "rms": 0.27057252824110567,
      "peak_to_peak": 1.044833976546207
    },
    "channel_7": {
      "snr_db": -67.39930730440133,
      "rms": 0.2493783766750489,
      "peak_to_peak": 1.0325347858341216
    },
    "channel_8": {
      "snr_db": -65.85476456321518,
      "rms": 0.21797658129007177,
      "peak_to_peak": 0.9863926310702419
    },
    "channel_9": {
      "snr_db": -64.11975604317162,
      "rms": 0.25686599870039845,
      "peak_to_peak": 1.0098275177939031
    }
  },
  "n_cycles": 268,
  "coherence": {
    "delta": [
      [
        1.0,
        0.008490859905300022,
        0.04951682623408873,
        0.18207632906094168,
        0.14693207464250543,
        0.018993867748479727,
        0.1049074801541015,
        0.14511671345910077,
        0.027742744504614367,
        0.10446946844664877
      ],
      [
        0.008490859905300022,
        1.0,
        0.02622392217097187,
        0.004341872403175776,
        0.006659514591136046,
        0.09950603347278525,
        0.0017897879115404507,
        0.11652351940681806,
        0.062042017711973305,
        0.16749547847382046
      ],
      [
        0.04951682623408873,
        0.02622392217097187,
        1.0,
        0.09550594653680797,
        0.24902190428261956,
        0.04544785181556092,
        0.17436680867821608,
        0.04579704682395812,
        0.024474148620839267,
        0.011471999213749298
      ],
      [
        0.18207632906094168,
        0.004341872403175776,
        0.09550594653680797,
        1.0,
        0.2055354193514179,
        0.00945392579567709,
        0.19368524719266084,
        0.03847127771187865,
        0.017257661719762417,
        0.0003419951218699118
      ],
      [
        0.14693207464250543,
        0.006659514591136046,
        0.24902190428261956,
        0.2055354193514179,
        1.0,
        0.03174592571974279,
        0.11030559793346255,
        0.020487464472929602,
        0.009158444880513192,
        0.006401337700128668
      ],
      [
        0.018993867748479727,
        0.09950603347278525,
        0.04544785181556092,
        0.00945392579567709,
        0.03174592571974279,
        1.0,
        0.01365582596685851,
        0.046754230344192196,
        0.09033545463681031,
        0.09868584138170611
      ],
      [
        0.1049074801541015,
        0.0017897879115404507,
        0.17436680867821608,
        0.19368524719266084,
        0.11030559793346255,
        0.01365582596685851,
        1.0,
        0.02808378950419534,
        0.019544122662183052,
        0.003010920288233033
      ],
      [
        0.14511671345910077,
        0.11652351940681806,
        0.04579704682395812,
        0.03847127771187865,
        0.020487464472929602,
        0.046754230344192196,
        0.02808378950419534,
        1.0,
        0.03706023925150849,
        0.3179531801332883
      ],
      [
        0.027742744504614367,
        0.062042017711973305,
        0.024474148620839267,
        0.017257661719762417,
        0.009158444880513192,
        0.09033545463681031,
        0.019544122662183052,
        0.03706023925150849,
        1.0,
        0.10718451093167075
      ],
      [
        0.10446946844664877,
        0.16749547847382046,
        0.011471999213749298,
        0.0003419951218699118,
        0.006401337700128668,
        0.09868584138170611,
        0.003010920288233033,
        0.3179531801332883,
        0.10718451093167075,
        1.0
      ]
    ],
    "theta": [
      [
        1.0,
        0.01700969633929122,
        0.029796203050368224,
        0.17655939268598006,
        0.08175910435418014,
        0.010656398065591825,
        0.20104640688485387,
        0.15981829510078457,
        0.010718902982908061,
        0.0714466811818533
      ],
      [
        0.01700969633929122,
        1.0,
        0.011499848352805545,
        0.0026401193533352515,
        0.003791979368234118,
        0.19536953045168645,
        7.866307201388197e-06,
        0.07875659386679706,
        0.10089489503457597,
        0.15181299118830385
      ],
      [
        0.029796203050368224,
        0.011499848352805545,
        1.0,
        0.13766015315052485,
        0.20073015726089433,
        0.05410393508823255,
        0.14542131687266152,
        0.031328829122759055,
        0.024334702390293124,
        0.021692250695902453
      ],
      [
        0.17655939268598006,
        0.0026401193533352515,
        0.13766015315052485,
        1.0,
        0.10328559287033916,
        0.013055773082600775,
        0.37057092282182597,
        0.03433528378091713,
        0.024619275634323402,
        0.0004951407118815759
      ],
      [
        0.08175910435418014,
        0.003791979368234118,
        0.20073015726089433,
        0.10328559287033916,
        1.0,
        0.011592845255810542,
        0.15257280644604565,
        0.024459336056917285,
        0.014379882387589886,
        0.006173248241890358
      ],
      [
        0.010656398065591825,
        0.19536953045168645,
        0.05410393508823255,
        0.013055773082600775,
        0.011592845255810542,
        1.0,
        0.020685420521433878,
        0.026279977792180866,
        0.09414135977078676,
        0.16968747838216905
      ],
      [
        0.20104640688485387,
        7.866307201388197e-06,
        0.14542131687266152,
        0.37057092282182597,
        0.15257280644604565,
        0.020685420521433878,
        1.0,
        0.04687257173890605,
        0.01644999113948515,
        0.004320047433899497
      ],
      [
        0.15981829510078457,
        0.07875659386679706,
        0.031328829122759055,
        0.03433528378091713,
        0.024459336056917285,
        0.026279977792180866,
        0.04687257173890605,
        1.0,
        0.03876229515642135,
        0.2414025044242589
      ],
      [
        0.010718902982908061,
        0.10089489503457597,
        0.024334702390293124,
        0.024619275634323402,
        0.014379882387589886,
        0.09414135977078676,
        0.01644999113948515,
        0.03876229515642135,
        1.0,
        0.11773772640694163
      ],
      [
        0.0714466811818533,
        0.15181299118830385,
        0.021692250695902453,
        0.0004951407118815759,
        0.006173248241890358,
        0.16968747838216905,
        0.004320047433899497,
        0.2414025044242589,
        0.11773772640694163,
        1.0
      ]
    ],
    "alpha": [
      [
        1.0,
        0.05293047637504869,
        0.1333056745820224,
        0.17117895281186865,
        0.10374713958780621,
        0.07078183581267025,
        0.11685142207642372,
        0.024183210776297932,
        0.06055056790147079,
        0.057754830994026285
      ],
      [
        0.05293047637504869,
        1.0,
        0.06599818139258092,
        0.011389062097777687,
        0.0273008582925162,
        0.061789591393286596,
        0.01344570808008512,
        0.1510219458703637,
        0.1060019668498912,
        0.13599824372665836
      ],
      [
        0.1333056745820224,
        0.06599818139258092,
        1.0,
        0.189078963941349,
        0.3846895074738799,
        0.042952772022731,
        0.160664796752455,
        0.053553746113192816,
        0.04266406471988534,
        0.01701326474402136
      ],
      [
        0.17117895281186865,
        0.011389062097777687,
        0.189078963941349,
        1.0,
        0.24760245436887168,
        0.04210895168103823,
        0.2547183374096133,
        0.01834628316851811,
        0.013708627272508874,
        0.00025318422291402377
      ],
      [
        0.10374713958780621,
        0.0273008582925162,
        0.3846895074738799,
        0.24760245436887168,
        1.0,
        0.07265644725425481,
        0.1638983101121865,
        0.04622320556628972,
        0.017693787497234673,
        0.010010681337926269
      ],
      [
        0.07078183581267025,
        0.061789591393286596,
        0.042952772022731,
        0.04210895168103823,
        0.07265644725425481,
        1.0,
        0.0584564337455567,
        0.16820250593695768,
        0.047194743587538765,
        0.12116564739142972
      ],
      [
        0.11685142207642372,
        0.01344570808008512,
        0.160664796752455,
        0.2547183374096133,
        0.1638983101121865,
        0.0584564337455567,
        1.0,
        0.04170273771273764,
        0.0037026338707276483,
        0.0031581505144449317
      ],
      [
        0.024183210776297932,
        0.1510219458703637,
        0.053553746113192816,
        0.01834628316851811,
        0.04622320556628972,
        0.16820250593695768,
        0.04170273771273764,
        1.0,
        0.061132223739566574,
        0.3164960033117896
      ],
      [
        0.06055056790147079,
        0.1060019668498912,
        0.04266406471988534,
        0.013708627272508874,
        0.017693787497234673,
        0.047194743587538765,
        0.0037026338707276483,
        0.061132223739566574,
        1.0,
        0.1821615302653827
      ],
      [
        0.057754830994026285,
        0.13599824372665836,
        0.01701326474402136,
        0.00025318422291402377,
        0.010010681337926269,
        0.12116564739142972,
        0.0031581505144449317,
        0.3164960033117896,
        0.1821615302653827,
        1.0
      ]
    ],
    "beta": [
      [
        1.0,
        0.1374966429510344,
        0.24763073980144418,
        0.1853777906006422,
        0.24086048603586374,
        0.11080712925065438,
        0.04948760565685846,
        0.01356084414515041,
        0.13088443950748627,
        0.10219685803930288
      ],
      [
        0.1374966429510344,
        1.0,
        0.10950459208955826,
        0.021863504064765362,
        0.048835711782882894,
        0.022122761248459362,
        0.03548507804714296,
        0.14150077803868194,
        0.09751486398861751,
        0.08449115050922455
      ],
      [
        0.24763073980144418,
        0.10950459208955826,
        1.0,
        0.2183890271146953,
        0.5223440357989222,
        0.025083816069089982,
        0.12297720722034253,
        0.07979139297459838,
        0.04762254202960701,
        0.015421673420360662
      ],
      [
        0.1853777906006422,
        0.021863504064765362,
        0.2183890271146953,
        1.0,
        0.4711610404655965,
        0.08718162862313461,
        0.17856510954715124,
        0.021076933245020198,
        0.01628804443367617,
        0.002122581240406156
      ],
      [
        0.24086048603586374,
        0.048835711782882894,
        0.5223440357989222,
        0.4711610404655965,
        1.0,
        0.07645531584425938,
        0.10923109779142448,
        0.022195007271727105,
        0.009977069078851068,
        0.02755034510854201
      ],
      [
        0.11080712925065438,
        0.022122761248459362,
        0.025083816069089982,
        0.08718162862313461,
        0.07645531584425938,
        1.0,
        0.16658233233959246,
        0.2433164500150961,
        0.056207466387435,
        0.1391566482290837
      ],
      [
        0.04948760565685846,
        0.03548507804714296,
        0.12297720722034253,
        0.17856510954715124,
        0.10923109779142448,
        0.16658233233959246,
        1.0,
        0.09474383263907206,
        0.0027106326604394992,
        0.00462752191813339
      ],
      [
        0.01356084414515041,
        0.14150077803868194,
        0.07979139297459838,
        0.021076933245020198,
        0.022195007271727105,
        0.2433164500150961,
        0.09474383263907206,
        1.0,
        0.0721327992638961,
        0.4734494183892241
      ],
      [
        0.13088443950748627,
        0.09751486398861751,
        0.04762254202960701,
        0.01628804443367617,
        0.009977069078851068,
        0.056207466387435,
        0.0027106326604394992,
        0.0721327992638961,
        1.0,
        0.2436409126205516
      ],
      [
        0.10219685803930288,
        0.08449115050922455,
        0.015421673420360662,
        0.002122581240406156,
        0.02755034510854201,
        0.1391566482290837,
        0.00462752191813339,
        0.4734494183892241,
        0.2436409126205516,
        1.0
      ]
    ],
    "gamma": [
      [
        1.0,
        0.16818025329582434,
        0.26863613793152785,
        0.17866954936187943,
        0.25945550426657704,
        0.11264839989636158,
        0.015113629211546275,
        0.00961819282359651,
        0.13844132725522304,
        0.09545066582153212
      ],
      [
        0.16818025329582434,
        1.0,
        0.11726144214067431,
        0.024777561187481822,
        0.05506486870693554,
        0.00609236041743487,
        0.04458411299407532,
        0.10737782651738607,
        0.07042453321641548,
        0.030895967019729798
      ],
      [
        0.26863613793152785,
        0.11726144214067431,
        1.0,
        0.20338123027639363,
        0.5262620943577081,
        0.008630517208865514,
        0.083108252093437,
        0.07556724577384838,
        0.03899855271776044,
        0.013113416557620022
      ],
      [
        0.17866954936187943,
        0.024777561187481822,
        0.20338123027639363,
        1.0,
        0.4961967324797539,
        0.0881850716681686,
        0.12437246395325922,
        0.009830705953173266,
        0.012639458991374457,
        0.0037335646673112622
      ],
      [
        0.25945550426657704,
        0.05506486870693554,
        0.5262620943577081,
        0.4961967324797539,
        1.0,
        0.06217700090202618,
        0.045030949033500814,
        0.007013843032122165,
        0.0049681357988118095,
        0.035748161018920706
      ],
      [
        0.11264839989636158,
        0.00609236041743487,
        0.008630517208865514,
        0.0881850716681686,
        0.06217700090202618,
        1.0,
        0.19762068566847635,
        0.252897004594711,
        0.05559085286068092,
        0.1373075454647999
      ],
      [
        0.015113629211546275,
        0.04458411299407532,
        0.083108252093437,
        0.12437246395325922,
        0.045030949033500814,
        0.19762068566847635,
        1.0,
        0.10706483409048821,
        0.001516988040696509,
        0.005181218149634497
      ],
      [
        0.00961819282359651,
        0.10737782651738607,
        0.07556724577384838,
        0.009830705953173266,
        0.007013843032122165,
        0.252897004594711,
        0.10706483409048821,
        1.0,
        0.054260484011646126,
        0.49083898255882935
      ],
      [
        0.13844132725522304,
        0.07042453321641548,
        0.03899855271776044,
        0.012639458991374457,
        0.0049681357988118095,
        0.05559085286068092,
        0.001516988040696509,
        0.054260484011646126,
        1.0,
        0.24397631318365068
      ],
      [
        0.09545066582153212,
        0.030895967019729798,
        0.013113416557620022,
        0.0037335646673112622,
        0.035748161018920706,
        0.1373075454647999,
        0.005181218149634497,
        0.49083898255882935,
        0.24397631318365068,
        1.0
      ]
    ],
    "full": [
      [
        1.0,
        0.1136776716006307,
        0.19967993684338337,
        0.18051922406397677,
        0.21077614297717978,
        0.0866074219892036,
        0.061633181381126605,
        0.0443514825764514,
        0.10326918109228214,
        0.09416778541031148
      ],
      [
        0.1136776716006307,
        1.0,
        0.0887901117806873,
        0.018004211419533463,
        0.03962146596224859,
        0.0442403104516581,
        0.02937646364379352,
        0.12043983256095807,
        0.08255100148807393,
        0.08578820223062696
      ],
      [
        0.19967993684338337,
        0.0887901117806873,
        1.0,
        0.18524717461586457,
        0.4464730837141725,
        0.02549540469713637,
        0.12017460156385414,
        0.06719065151165413,
        0.03857153815839132,
        0.014531022333612705
      ],
      [
        0.18051922406397677,
        0.018004211419533463,
        0.18524717461586457,
        1.0,
        0.39442974693870786,
        0.0664403422452596,
        0.18067557789012786,
        0.020237337316856896,
        0.015476361464456467,
        0.0021992664212858734
      ],
      [
        0.21077614297717978,
        0.03962146596224859,
        0.4464730837141725,
        0.39442974693870786,
        1.0,
        0.05880364706436302,
        0.09224318836602761,
        0.018115901139737343,
        0.008856885765793406,
        0.024456060808372728
      ],
      [
        0.0866074219892036,
        0.0442403104516581,
        0.02549540469713637,
        0.0664403422452596,
        0.05880364706436302,
        1.0,
        0.1354527895308815,
        0.19428782826549712,
        0.06344547249885313,
        0.13318377913671886
      ],
      [
        0.061633181381126605,
        0.02937646364379352,
        0.12017460156385414,
        0.18067557789012786,
        0.09224318836602761,
        0.1354527895308815,
        1.0,
        0.08146479918990489,
        0.005974487783063033,
        0.0044550936111935795
      ],
      [
        0.0443514825764514,
        0.12043983256095807,
        0.06719065151165413,
        0.020237337316856896,
        0.018115901139737343,
        0.19428782826549712,
        0.08146479918990489,
        1.0,
        0.05644989342406307,
        0.4262921118733591
      ],
      [
        0.10326918109228214,
        0.08255100148807393,
        0.03857153815839132,
        0.015476361464456467,
        0.008856885765793406,
        0.06344547249885313,
        0.005974487783063033,
        0.05644989342406307,
        1.0,
        0.20836257653354812
      ],
      [
        0.09416778541031148,
        0.08578820223062696,
        0.014531022333612705,
        0.0021992664212858734,
        0.024456060808372728,
        0.13318377913671886,
        0.0044550936111935795,
        0.4262921118733591,
        0.20836257653354812,
        1.0
      ]
    ]
  },
  "correlation": [
    [
      1.0,
      -0.42717818435446503,
      0.4776955302974352,
      0.4712665933231605,
      0.5398816559143435,
      -0.29813052884135305,
      0.2236321640889268,
      -0.24037473352109484,
      -0.2734143424916013,
      -0.37117281657204815
    ],
    [
      -0.427178184354465,
      1.0,
      -0.2579364437424657,
      -0.2025062915944632,
      -0.25078960147662915,
      0.22377738353101595,
      -0.4283905549409922,
      -0.09856240075757314,
      0.17213998684604775,
      0.027225187017049037
    ],
    [
      0.4776955302974352,
      -0.2579364437424657,
      1.0,
      0.42048432296366084,
      0.7375192412339265,
      -0.09856786604257559,
      -0.12002586825687386,
      0.03068766427663909,
      -0.20318858215752966,
      -0.3273623882226863
    ],
    [
      0.47126659332316057,
      -0.20250629159446323,
      0.42048432296366084,
      0.9999999999999998,
      0.6416331729522747,
      -0.21433188995224545,
      0.31368777102425416,
      -0.2045157341019875,
      -0.021144540181740674,
      -0.24120637041396198
    ],
    [
      0.5398816559143433,
      -0.25078960147662915,
      0.7375192412339264,
      0.6416331729522746,
      1.0,
      -0.25439554979398826,
      0.1873539978297468,
      -0.21581046210832633,
      -0.20951373508854196,
      -0.4537493517248729
    ],
    [
      -0.2981305288413531,
      0.22377738353101595,
      -0.0985678660425756,
      -0.21433188995224542,
      -0.25439554979398826,
      1.0,
      -0.425689422027441,
      0.39470540771840773,
      0.2873943779183141,
      0.3434097745579532
    ],
    [
      0.22363216408892683,
      -0.4283905549409922,
      -0.12002586825687385,
      0.3136877710242541,
      0.1873539978297468,
      -0.425689422027441,
      1.0,
      -0.2632192994836593,
      -0.06699598636732516,
      -0.101225357566116
    ],
    [
      -0.2403747335210948,
      -0.09856240075757315,
      0.030687664276639087,
      -0.2045157341019875,
      -0.21581046210832633,
      0.39470540771840773,
      -0.2632192994836593,
      0.9999999999999998,
      0.2187499087949628,
      0.6991400209413559
    ],
    [
      -0.2734143424916013,
      0.17213998684604775,
      -0.20318858215752966,
      -0.02114454018174067,
      -0.20951373508854193,
      0.2873943779183141,
      -0.06699598636732516,
      0.21874990879496284,
      0.9999999999999998,
      0.4166640155496948
    ],
    [
      -0.37117281657204815,
      0.027225187017049034,
      -0.3273623882226864,
      -0.241206370413962,
      -0.4537493517248729,
      0.34340977455795313,
      -0.101225357566116,
      0.6991400209413557,
      0.4166640155496948,
      1.0
    ]
  ],
  "mutual_information": [
    [
      0.0,
      0.8467775189218504,
      0.5047891458419579,
      0.4656650242099827,
      0.5801238299555759,
      0.45098658975383005,
      0.4954211987676273,
      0.35998621272473635,
      0.3923776241638728,
      0.4700863074346293
    ],
    [
      0.8467775189218504,
      0.0,
      0.6703785080719049,
      0.46758955819786785,
      0.7409734213004004,
      0.5957195872521026,
      0.7923762301020343,
      0.46894221698097827,
      0.46378420133820303,
      0.6845622088105331
    ],
    [
      0.5047891458419579,
      0.6703785080719049,
      0.0,
      0.500709567070806,
      0.9074592200307882,
      0.3290989256181627,
      0.4732480844881189,
      0.2820943205008329,
      0.3573332745501332,
      0.5188839957266042
    ],
    [
      0.4656650242099827,
      0.46758955819786785,
      0.500709567070806,
      0.0,
      0.6976052249180749,
      0.38965201970178426,
      0.4666352983218807,
      0.33886189900308805,
      0.33791200324637016,
      0.4112214309210886
    ],
    [
      0.5801238299555759,
      0.7409734213004004,
      0.9074592200307882,
      0.6976052249180749,
      0.0,
      0.42555963028073873,
      0.6333775823012778,
      0.386760483902618,
      0.404699076575702,
      0.67560087808751
    ],
    [
      0.45098658975383005,
      0.5957195872521026,
      0.3290989256181627,
      0.38965201970178426,
      0.42555963028073873,
      0.0,
      0.7873047428016369,
      0.4187451169159795,
      0.4610708569216818,
      0.46001392716220046
    ],
    [
      0.4954211987676273,
      0.7923762301020343,
      0.4732480844881189,
      0.4666352983218807,
      0.6333775823012778,
      0.7873047428016369,
      0.0,
      0.4313230862283397,
      0.4995745174298055,
      0.5503711072796619
    ],
    [
      0.35998621272473635,
      0.46894221698097827,
      0.2820943205008329,
      0.33886189900308805,
      0.386760483902618,
      0.4187451169159795,
      0.4313230862283397,
      0.0,
      0.3567653692189121,
      0.9999999998676925
    ],
    [
      0.3923776241638728,
      0.46378420133820303,
      0.3573332745501332,
      0.33791200324637016,
      0.404699076575702,
      0.4610708569216818,
      0.4995745174298055,
      0.3567653692189121,
      0.0,
      0.5394682843532578
    ],
    [
      0.4700863074346293,
      0.6845622088105331,
      0.5188839957266042,
      0.4112214309210886,
      0.67560087808751,
      0.46001392716220046,
      0.5503711072796619,
      0.9999999998676925,
      0.5394682843532578,
      0.0
    ]
  ],
  "network": {
    "global_metrics": {
      "n_nodes": 10,
      "n_edges": 11,
      "density": 0.24444444444444444,
      "is_connected": false,
      "diameter": 6,
      "average_path_length": 2.8055555555555554,
      "global_efficiency": 0.5291666666666667,
      "largest_component_size": 9,
      "avg_clustering": 0.35,
      "transitivity": 0.631578947368421,
      "assortativity": 0.44303797468354394,
      "small_worldness": 0.0,
      "modularity": 0.40666906610950704
    },
    "nodal_metrics": {
      "LT_TA": {
        "degree": 3,
        "degree_centrality": 0.3333333333333333,
        "betweenness_centrality": 0.0,
        "closeness_centrality": 0.30917874396135264,
        "eigenvector_centrality": 0.4771526362592372,
        "pagerank": 0.0891337313629238,
        "clustering": 1.0
      },
      "LT_GL": {
        "degree": 0,
        "degree_centrality": 0.0,
        "betweenness_centrality": 0.0,
        "closeness_centrality": 0.0,
        "eigenvector_centrality": 7.620878092330726e-19,
        "pagerank": 0.016393442622950824,
        "clustering": 0
      },
      "LT_RF": {
        "degree": 3,
        "degree_centrality": 0.3333333333333333,
        "betweenness_centrality": 0.0,
        "closeness_centrality": 0.30917874396135264,
        "eigenvector_centrality": 0.4771526362592372,
        "pagerank": 0.11925604758865081,
        "clustering": 1.0
      },
      "LT_HAM": {
        "degree": 4,
        "degree_centrality": 0.4444444444444444,
        "betweenness_centrality": 0.41666666666666663,
        "closeness_centrality": 0.3950617283950617,
        "eigenvector_centrality": 0.5239489995563953,
        "pagerank": 0.14176364645905024,
        "clustering": 0.5
      },
      "LT_VL": {
        "degree": 3,
        "degree_centrality": 0.3333333333333333,
        "betweenness_centrality": 0.0,
        "closeness_centrality": 0.30917874396135264,
        "eigenvector_centrality": 0.47715263625923715,
        "pagerank": 0.1483663506906836,
        "clustering": 1.0
      },
      "RT_TA": {
        "degree": 2,
        "degree_centrality": 0.2222222222222222,
        "betweenness_centrality": 0.41666666666666663,
        "closeness_centrality": 0.3950617283950617,
        "eigenvector_centrality": 0.07017736654857741,
        "pagerank": 0.07745777994938557,
        "clustering": 0
      },
      "RT_GL": {
        "degree": 2,
        "degree_centrality": 0.2222222222222222,
        "betweenness_centrality": 0.4444444444444444,
        "closeness_centrality": 0.4183006535947712,
        "eigenvector_centrality": 0.19177383716768984,
        "pagerank": 0.0665790980975918,
        "clustering": 0
      },
      "RT_RF": {
        "degree": 2,
        "degree_centrality": 0.2222222222222222,
        "betweenness_centrality": 0.3333333333333333,
        "closeness_centrality": 0.3386243386243386,
        "eigenvector_centrality": 0.025635945166319427,
        "pagerank": 0.1383504311032055,
        "clustering": 0
      },
      "RT_HAM": {
        "degree": 1,
        "degree_centrality": 0.1111111111111111,
        "betweenness_centrality": 0.0,
        "closeness_centrality": 0.21548821548821548,
        "eigenvector_centrality": 0.0029831121749213903,
        "pagerank": 0.057041811227904624,
        "clustering": 0
      },
      "RT_VL": {
        "degree": 2,
        "degree_centrality": 0.2222222222222222,
        "betweenness_centrality": 0.19444444444444442,
        "closeness_centrality": 0.27350427350427353,
        "eigenvector_centrality": 0.009239207536421669,
        "pagerank": 0.14565766089765356,
        "clustering": 0
      }
    },
    "communities": {
      "LT_TA": 0,
      "LT_GL": 1,
      "LT_RF": 0,
      "LT_HAM": 0,
      "LT_VL": 0,
      "RT_TA": 2,
      "RT_GL": 2,
      "RT_RF": 2,
      "RT_HAM": 2,
      "RT_VL": 2
    }
  },
  "analysis_time": 131.2118740081787
}