{
  "subject_id": "S31",
  "data_info": {
    "duration": 188.8105,
    "sampling_rate": 2000
  },
  "quality_metrics": {
    "channel_0": {
      "snr_db": -65.61866747825727,
      "rms": 0.2232717217518485,
      "peak_to_peak": 0.9959962526239501
    },
    "channel_1": {
      "snr_db": -67.64275684745824,
      "rms": 0.33783883196889597,
      "peak_to_peak": 0.9774478234222658
    },
    "channel_2": {
      "snr_db": -68.48483188062835,
      "rms": 0.3094319264516571,
      "peak_to_peak": 1.1567275298082933
    },
    "channel_3": {
      "snr_db": -65.8653050735806,
      "rms": 0.2890232783530337,
      "peak_to_peak": 1.0232522795830044
    },
    "channel_4": {
      "snr_db": -68.16249670207687,
      "rms": 0.3247024160292865,
      "peak_to_peak": 1.1185017878710366
    },
    "channel_5": {
      "snr_db": -65.52793111396105,
      "rms": 0.2963994218211467,
      "peak_to_peak": 1.018013008833727
    },
    "channel_6": {
      "snr_db": -66.34770067374126,
      "rms": 0.242182018852303,
      "peak_to_peak": 1.0061645323045534
    },
    "channel_7": {
      "snr_db": -70.20641354225663,
      "rms": 0.3115516384712917,
      "peak_to_peak": 1.0332657069489328
    },
    "channel_8": {
      "snr_db": -68.40579909535045,
      "rms": 0.2662605473206838,
      "peak_to_peak": 0.9657578068328082
    },
    "channel_9": {
      "snr_db": -67.85263131320441,
      "rms": 0.3348229746827749,
      "peak_to_peak": 1.0077475300668872
    }
  },
  "n_cycles": 191,
  "coherence": {
    "delta": [
      [
        1.0,
        0.030093822448305337,
        0.0333994577657209,
        0.003645559784808265,
        0.1972876656818047,
        0.2075587850648659,
        0.0188452613480853,
        0.08436596262634588,
        0.2088818289425985,
        0.11223886914750793
      ],
      [
        0.030093822448305337,
        1.0,
        0.14283996598648027,
        0.533730548414572,
        0.11265796057465198,
        0.0019693765756510335,
        0.1539190680226671,
        0.16296247122074198,
        0.0755578591308543,
        0.12844797333797273
      ],
      [
        0.0333994577657209,
        0.14283996598648027,
        1.0,
        0.2581392419462429,
        0.051131771265470104,
        0.0031635036671178803,
        0.3238964834759829,
        0.1350275655227008,
        0.03781202525546364,
        0.14143174798601918
      ],
      [
        0.003645559784808265,
        0.533730548414572,
        0.2581392419462429,
        1.0,
        0.0374985943898823,
        0.016254420632791842,
        0.23675437273397343,
        0.1906111059710713,
        0.01868607486913714,
        0.17836989345892315
      ],
      [
        0.1972876656818047,
        0.11265796057465198,
        0.051131771265470104,
        0.0374985943898823,
        1.0,
        0.18073624963997267,
        0.07077759603502992,
        0.057896747219048306,
        0.06796921317281392,
        0.06043990964705584
      ],
      [
        0.2075587850648659,
        0.0019693765756510335,
        0.0031635036671178803,
        0.016254420632791842,
        0.18073624963997267,
        1.0,
        0.07560655038541045,
        0.05494991659723264,
        0.057158074580744254,
        0.07240148251220782
      ],
      [
        0.0188452613480853,
        0.1539190680226671,
        0.3238964834759829,
        0.23675437273397343,
        0.07077759603502992,
        0.07560655038541045,
        1.0,
        0.06142152009048074,
        0.026019663415521706,
        0.04464439423761293
      ],
      [
        0.08436596262634588,
        0.16296247122074198,
        0.1350275655227008,
        0.1906111059710713,
        0.057896747219048306,
        0.05494991659723264,
        0.06142152009048074,
        1.0,
        0.12494400215885519,
        0.6616333448774598
      ],
      [
        0.2088818289425985,
        0.0755578591308543,
        0.03781202525546364,
        0.01868607486913714,
        0.06796921317281392,
        0.057158074580744254,
        0.026019663415521706,
        0.12494400215885519,
        1.0,
        0.20585538906332132
      ],
      [
        0.11223886914750793,
        0.12844797333797273,
        0.14143174798601918,
        0.17836989345892315,
        0.06043990964705584,
        0.07240148251220782,
        0.04464439423761293,
        0.6616333448774598,
        0.20585538906332132,
        1.0
      ]
    ],
    "theta": [
      [
        1.0,
        0.01538667497821013,
        0.027017568227890178,
        0.0031026840583140438,
        0.16052900855965446,
        0.1784764503164131,
        0.020266194844883935,
        0.14046795843252227,
        0.1894553236088433,
        0.17470023777386132
      ],
      [
        0.01538667497821013,
        1.0,
        0.19503376446611653,
        0.4443287620789915,
        0.14681679098452088,
        0.019576740529215524,
        0.1970172802609879,
        0.10905825896165318,
        0.07374423113016436,
        0.11426869318984018
      ],
      [
        0.027017568227890178,
        0.19503376446611653,
        1.0,
        0.3835836146359025,
        0.03728280214978365,
        0.003234967575297017,
        0.3900034897303836,
        0.19084236461080328,
        0.01185514030674622,
        0.17052512646735557
      ],
      [
        0.0031026840583140438,
        0.4443287620789915,
        0.3835836146359025,
        1.0,
        0.06893651619752364,
        0.019377653780906567,
        0.37916615639587486,
        0.15675120099105178,
        0.012199228581951363,
        0.1785893604193793
      ],
      [
        0.16052900855965446,
        0.14681679098452088,
        0.03728280214978365,
        0.06893651619752364,
        1.0,
        0.14607238837442216,
        0.04930493220003515,
        0.013794369963365779,
        0.04438842708848238,
        0.006173400509675668
      ],
      [
        0.1784764503164131,
        0.019576740529215524,
        0.003234967575297017,
        0.019377653780906567,
        0.14607238837442216,
        1.0,
        0.0943255370612983,
        0.03574826600922031,
        0.09988256773267841,
        0.08240985215927046
      ],
      [
        0.020266194844883935,
        0.1970172802609879,
        0.3900034897303836,
        0.37916615639587486,
        0.04930493220003515,
        0.0943255370612983,
        1.0,
        0.10141318294056383,
        0.03210731319938885,
        0.08711167418703976
      ],
      [
        0.14046795843252227,
        0.10905825896165318,
        0.19084236461080328,
        0.15675120099105178,
        0.013794369963365779,
        0.03574826600922031,
        0.10141318294056383,
        1.0,
        0.11334516596472208,
        0.596377410222438
      ],
      [
        0.1894553236088433,
        0.07374423113016436,
        0.01185514030674622,
        0.012199228581951363,
        0.04438842708848238,
        0.09988256773267841,
        0.03210731319938885,
        0.11334516596472208,
        1.0,
        0.18449196630673748
      ],
      [
        0.17470023777386132,
        0.11426869318984018,
        0.17052512646735557,
        0.1785893604193793,
        0.006173400509675668,
        0.08240985215927046,
        0.08711167418703976,
        0.596377410222438,
        0.18449196630673748,
        1.0
      ]
    ],
    "alpha": [
      [
        1.0,
        0.06494194516841104,
        0.02591138341531018,
        0.010312536951103169,
        0.06927226154819986,
        0.0320444792647916,
        0.004979290335022088,
        0.16800896396461548,
        0.3066800536990643,
        0.17498888395753343
      ],
      [
        0.06494194516841104,
        1.0,
        0.26758068319190803,
        0.6023848740338753,
        0.16781866160994793,
        0.01535491189996813,
        0.22552651530091677,
        0.15473983238873926,
        0.13044314798305312,
        0.11493888130277724
      ],
      [
        0.02591138341531018,
        0.26758068319190803,
        1.0,
        0.3025359949136756,
        0.10132982562003484,
        0.024763061470225056,
        0.40261943645145987,
        0.15826848513047753,
        0.10106023923322516,
        0.09851174032060689
      ],
      [
        0.010312536951103169,
        0.6023848740338753,
        0.3025359949136756,
        1.0,
        0.07073232395888086,
        0.0301615935943044,
        0.23781100003376832,
        0.13327568566503145,
        0.041890707657045216,
        0.10471578858257935
      ],
      [
        0.06927226154819986,
        0.16781866160994793,
        0.10132982562003484,
        0.07073232395888086,
        1.0,
        0.12773056099125668,
        0.051686610341079096,
        0.027575352531275712,
        0.060594441540399446,
        0.015919976347812465
      ],
      [
        0.0320444792647916,
        0.01535491189996813,
        0.024763061470225056,
        0.0301615935943044,
        0.12773056099125668,
        1.0,
        5.7025484721791395e-05,
        0.03606792668139444,
        0.05398934375438823,
        0.039987396373834756
      ],
      [
        0.004979290335022088,
        0.22552651530091677,
        0.40261943645145987,
        0.23781100003376832,
        0.051686610341079096,
        5.7025484721791395e-05,
        1.0,
        0.09446708494513871,
        0.03935081299654058,
        0.052647454131153244
      ],
      [
        0.16800896396461548,
        0.15473983238873926,
        0.15826848513047753,
        0.13327568566503145,
        0.027575352531275712,
        0.03606792668139444,
        0.09446708494513871,
        1.0,
        0.20715475630422586,
        0.6614576860637383
      ],
      [
        0.3066800536990643,
        0.13044314798305312,
        0.10106023923322516,
        0.041890707657045216,
        0.060594441540399446,
        0.05398934375438823,
        0.03935081299654058,
        0.20715475630422586,
        1.0,
        0.30498077275188246
      ],
      [
        0.17498888395753343,
        0.11493888130277724,
        0.09851174032060689,
        0.10471578858257935,
        0.015919976347812465,
        0.039987396373834756,
        0.052647454131153244,
        0.6614576860637383,
        0.30498077275188246,
        1.0
      ]
    ],
    "beta": [
      [
        1.0,
        0.10163026043574702,
        0.022534369805661522,
        0.03372674436714982,
        0.12217426391055769,
        0.03315087028006909,
        0.011103429799008187,
        0.0969347667368051,
        0.3855275578459387,
        0.12663365363478502
      ],
      [
        0.10163026043574702,
        1.0,
        0.19790499750877502,
        0.7482547194724666,
        0.25597029323275833,
        0.008743591245300098,
        0.14130543304746207,
        0.17183105498583232,
        0.10920734388366884,
        0.07720781081706705
      ],
      [
        0.022534369805661522,
        0.19790499750877502,
        1.0,
        0.3310456562765812,
        0.12694820415377364,
        0.12491943354284503,
        0.4570896121700739,
        0.13856089804344154,
        0.13736451217025514,
        0.11121449438383217
      ],
      [
        0.03372674436714982,
        0.7482547194724666,
        0.3310456562765812,
        1.0,
        0.15359319458413767,
        0.07282691927237946,
        0.13220046513598163,
        0.11947382709937665,
        0.04108999778614491,
        0.045235054987197466
      ],
      [
        0.12217426391055769,
        0.25597029323275833,
        0.12694820415377364,
        0.15359319458413767,
        1.0,
        0.1056955127622865,
        0.05182827794139033,
        0.2352278047188806,
        0.09252984000460876,
        0.174549290612547
      ],
      [
        0.03315087028006909,
        0.008743591245300098,
        0.12491943354284503,
        0.07282691927237946,
        0.1056955127622865,
        1.0,
        0.04807209630789562,
        0.12837629090168004,
        0.03674443241248495,
        0.11076049198068147
      ],
      [
        0.011103429799008187,
        0.14130543304746207,
        0.4570896121700739,
        0.13220046513598163,
        0.05182827794139033,
        0.04807209630789562,
        1.0,
        0.05642801811741065,
        0.03928711339815065,
        0.030052015110244048
      ],
      [
        0.0969347667368051,
        0.17183105498583232,
        0.13856089804344154,
        0.11947382709937665,
        0.2352278047188806,
        0.12837629090168004,
        0.05642801811741065,
        1.0,
        0.25063796776822367,
        0.7760688338329981
      ],
      [
        0.3855275578459387,
        0.10920734388366884,
        0.13736451217025514,
        0.04108999778614491,
        0.09252984000460876,
        0.03674443241248495,
        0.03928711339815065,
        0.25063796776822367,
        1.0,
        0.4150372740072402
      ],
      [
        0.12663365363478502,
        0.07720781081706705,
        0.11121449438383217,
        0.045235054987197466,
        0.174549290612547,
        0.11076049198068147,
        0.030052015110244048,
        0.7760688338329981,
        0.4150372740072402,
        1.0
      ]
    ],
    "gamma": [
      [
        1.0,
        0.10195066223194396,
        0.014585785546457444,
        0.0398612681373836,
        0.10794947919011819,
        0.013124455029148625,
        0.015509385958410444,
        0.03204065058114254,
        0.3693297456606648,
        0.058648772013011295
      ],
      [
        0.10195066223194396,
        1.0,
        0.10670802122017622,
        0.7612350471306926,
        0.2700442463510392,
        0.004626887594262122,
        0.06701156681495261,
        0.1420680995368614,
        0.0653998275116807,
        0.03552370930233247
      ],
      [
        0.014585785546457444,
        0.10670802122017622,
        1.0,
        0.2683404153181073,
        0.11037762700437906,
        0.15240696054089392,
        0.43043774470734447,
        0.08572910667040162,
        0.1306040039811976,
        0.08476925741346784
      ],
      [
        0.0398612681373836,
        0.7612350471306926,
        0.2683404153181073,
        1.0,
        0.17810666664094768,
        0.08275468619669132,
        0.04200688975031729,
        0.09935255982264347,
        0.02165227014001186,
        0.02097585641146839
      ],
      [
        0.10794947919011819,
        0.2700442463510392,
        0.11037762700437906,
        0.17810666664094768,
        1.0,
        0.08630085580661098,
        0.021106728770786547,
        0.29793855651361184,
        0.04593132018370343,
        0.2141039499748852
      ],
      [
        0.013124455029148625,
        0.004626887594262122,
        0.15240696054089392,
        0.08275468619669132,
        0.08630085580661098,
        1.0,
        0.07463036199732394,
        0.14443173474534413,
        0.018119770389480733,
        0.1260206882894639
      ],
      [
        0.015509385958410444,
        0.06701156681495261,
        0.43043774470734447,
        0.04200688975031729,
        0.021106728770786547,
        0.07463036199732394,
        1.0,
        0.020191377404588363,
        0.03267533065742678,
        0.00947245855503603
      ],
      [
        0.03204065058114254,
        0.1420680995368614,
        0.08572910667040162,
        0.09935255982264347,
        0.29793855651361184,
        0.14443173474534413,
        0.020191377404588363,
        1.0,
        0.19658215656848574,
        0.7835383042458636
      ],
      [
        0.3693297456606648,
        0.0653998275116807,
        0.1306040039811976,
        0.02165227014001186,
        0.04593132018370343,
        0.018119770389480733,
        0.03267533065742678,
        0.19658215656848574,
        1.0,
        0.38915404611120213
      ],
      [
        0.058648772013011295,
        0.03552370930233247,
        0.08476925741346784,
        0.02097585641146839,
        0.2141039499748852,
        0.1260206882894639,
        0.00947245855503603,
        0.7835383042458636,
        0.38915404611120213,
        1.0
      ]
    ],
    "full": [
      [
        1.0,
        0.0812915859958415,
        0.021753405702275037,
        0.027301512210350078,
        0.12714008100494503,
        0.06337417353668892,
        0.014222819758781658,
        0.07885778211559713,
        0.3309736919138602,
        0.10568810266389286
      ],
      [
        0.0812915859958415,
        1.0,
        0.1594964981359205,
        0.6856437574219493,
        0.224157982956154,
        0.007459939117922824,
        0.12543549983629615,
        0.15287598087842405,
        0.08608704695907732,
        0.0748117931498841
      ],
      [
        0.021753405702275037,
        0.1594964981359205,
        1.0,
        0.2975602150106866,
        0.10004285553367298,
        0.09969519794273904,
        0.4169971588731405,
        0.12323500817788126,
        0.10700134604906976,
        0.1092772790278976
      ],
      [
        0.027301512210350078,
        0.6856437574219493,
        0.2975602150106866,
        1.0,
        0.13227478003672755,
        0.060548399747213016,
        0.14071709316870024,
        0.12660824662376538,
        0.02800641752476229,
        0.07122034137891821
      ],
      [
        0.12714008100494503,
        0.224157982956154,
        0.10004285553367298,
        0.13227478003672755,
        1.0,
        0.1145816752867558,
        0.04272257617158986,
        0.19905901679817845,
        0.06466901968549707,
        0.14705308526740105
      ],
      [
        0.06337417353668892,
        0.007459939117922824,
        0.09969519794273904,
        0.060548399747213016,
        0.1145816752867558,
        1.0,
        0.06238737373346486,
        0.10902922024757854,
        0.03890497248045374,
        0.10310350945596664
      ],
      [
        0.014222819758781658,
        0.12543549983629615,
        0.4169971588731405,
        0.14071709316870024,
        0.04272257617158986,
        0.06238737373346486,
        1.0,
        0.049645559043019115,
        0.03415558153128533,
        0.03050909769304425
      ],
      [
        0.07885778211559713,
        0.15287598087842405,
        0.12323500817788126,
        0.12660824662376538,
        0.19905901679817845,
        0.10902922024757854,
        0.049645559043019115,
        1.0,
        0.19660389080784474,
        0.7386975878924927
      ],
      [
        0.3309736919138602,
        0.08608704695907732,
        0.10700134604906976,
        0.02800641752476229,
        0.06466901968549707,
        0.03890497248045374,
        0.03415558153128533,
        0.19660389080784474,
        1.0,
        0.34670021875155654
      ],
      [
        0.10568810266389286,
        0.0748117931498841,
        0.1092772790278976,
        0.07122034137891821,
        0.14705308526740105,
        0.10310350945596664,
        0.03050909769304425,
        0.7386975878924927,
        0.34670021875155654,
        1.0
      ]
    ]
  },
  "correlation": [
    [
      1.0,
      -0.21119850946350646,
      -0.04157993066218862,
      -0.16012586501294532,
      -0.3200347083001076,
      0.05522204522283639,
      -0.3267299481724174,
      0.04507181192110618,
      0.5529889659823112,
      0.17514796177782163
    ],
    [
      -0.21119850946350643,
      1.0,
      0.308771236789516,
      0.8528446903024621,
      0.36814673218996635,
      -0.13287461800784106,
      -0.06815898519072654,
      0.17748996217855303,
      -0.23495298039414106,
      -0.0507534099808957
    ],
    [
      -0.04157993066218862,
      0.308771236789516,
      1.0,
      0.49990495603169544,
      0.27232024754683964,
      -0.3188845073823106,
      0.6116695259473071,
      0.12806815995782328,
      0.1113220238205467,
      0.10331316756955923
    ],
    [
      -0.16012586501294532,
      0.8528446903024621,
      0.4999049560316955,
      1.0,
      0.25763196864196886,
      -0.32706259674456467,
      0.04620540403157646,
      0.11355240825641935,
      -0.21756036761830364,
      -0.09083630554136259
    ],
    [
      -0.3200347083001076,
      0.3681467321899664,
      0.27232024754683964,
      0.25763196864196886,
      0.9999999999999999,
      0.26409245961726574,
      0.16790214513041285,
      0.3946021384158619,
      0.03898249610620465,
      0.3315758046601963
    ],
    [
      0.0552220452228364,
      -0.13287461800784106,
      -0.3188845073823106,
      -0.32706259674456467,
      0.2640924596172657,
      0.9999999999999999,
      -0.15139206088448512,
      0.436389547887531,
      0.22009045680879455,
      0.4508278262028456
    ],
    [
      -0.3267299481724174,
      -0.06815898519072654,
      0.6116695259473072,
      0.04620540403157646,
      0.16790214513041288,
      -0.15139206088448512,
      1.0,
      -0.026257698001242745,
      0.006835746982782368,
      -0.0036544286619793046
    ],
    [
      0.04507181192110618,
      0.17748996217855303,
      0.12806815995782325,
      0.11355240825641935,
      0.3946021384158619,
      0.436389547887531,
      -0.026257698001242745,
      1.0,
      0.3875024624619409,
      0.8603389621782392
    ],
    [
      0.5529889659823112,
      -0.2349529803941411,
      0.1113220238205467,
      -0.21756036761830364,
      0.03898249610620465,
      0.22009045680879455,
      0.006835746982782369,
      0.3875024624619409,
      0.9999999999999998,
      0.5723652460576881
    ],
    [
      0.17514796177782163,
      -0.050753409980895704,
      0.10331316756955923,
      -0.09083630554136259,
      0.33157580466019637,
      0.45082782620284567,
      -0.003654428661979304,
      0.8603389621782394,
      0.572365246057688,
      1.0
    ]
  ],
  "mutual_information": [
    [
      0.0,
      0.598225000945522,
      0.4128205619518765,
      0.6263476390467362,
      0.36042984740086,
      0.41180420720815597,
      0.4362734858229148,
      0.37495286505933956,
      0.4666092230106509,
      0.4203761336187697
    ],
    [
      0.598225000945522,
      0.0,
      0.30721573255952805,
      0.9345414319802837,
      0.43848829974756803,
      0.4496933420942069,
      0.36900881490026705,
      0.33605499924543525,
      0.3015166386207453,
      0.36719884706725925
    ],
    [
      0.4128205619518765,
      0.30721573255952805,
      0.0,
      0.43584014252293607,
      0.2675774481423229,
      0.3786417468045292,
      0.4305969823611201,
      0.30653265696963083,
      0.4089505528291274,
      0.3675571147509241
    ],
    [
      0.6263476390467362,
      0.9345414319802837,
      0.43584014252293607,
      0.0,
      0.3753728751957159,
      0.484799480525852,
      0.4268075032933699,
      0.4471601227418161,
      0.37840963554817536,
      0.4843925016586481
    ],
    [
      0.36042984740086,
      0.43848829974756803,
      0.2675774481423229,
      0.3753728751957159,
      0.0,
      0.37176997921155774,
      0.3212621766082053,
      0.302039694228397,
      0.2479638664863315,
      0.32860438223298843
    ],
    [
      0.41180420720815597,
      0.4496933420942069,
      0.3786417468045292,
      0.484799480525852,
      0.37176997921155774,
      0.0,
      0.7749226492228384,
      0.4538466939029493,
      0.37879882672645815,
      0.5120443526402075
    ],
    [
      0.4362734858229148,
      0.36900881490026705,
      0.4305969823611201,
      0.4268075032933699,
      0.3212621766082053,
      0.7749226492228384,
      0.0,
      0.39005533436687645,
      0.3604766926198423,
      0.4711020204058643
    ],
    [
      0.37495286505933956,
      0.33605499924543525,
      0.30653265696963083,
      0.4471601227418161,
      0.302039694228397,
      0.4538466939029493,
      0.39005533436687645,
      0.0,
      0.3405766424845636,
      0.9999999999000914
    ],
    [
      0.4666092230106509,
      0.3015166386207453,
      0.4089505528291274,
      0.37840963554817536,
      0.2479638664863315,
      0.37879882672645815,
      0.3604766926198423,
      0.3405766424845636,
      0.0,
      0.4895685502363395
    ],
    [
      0.4203761336187697,
      0.36719884706725925,
      0.3675571147509241,
      0.4843925016586481,
      0.32860438223298843,
      0.5120443526402075,
      0.4711020204058643,
      0.9999999999000914,
      0.4895685502363395,
      0.0
    ]
  ],
  "network": {
    "global_metrics": {
      "n_nodes": 10,
      "n_edges": 11,
      "density": 0.24444444444444444,
      "is_connected": false,
      "diameter": 5,
      "average_path_length": 2.2222222222222223,
      "global_efficiency": 0.5796296296296297,
      "largest_component_size": 9,
      "avg_clustering": 0.4333333333333333,
      "transitivity": 0.42857142857142855,
      "assortativity": -0.28333333333333294,
      "small_worldness": 0.0,
      "modularity": 0.40508086676959176
    },
    "nodal_metrics": {
      "LT_TA": {
        "degree": 1,
        "degree_centrality": 0.1111111111111111,
        "betweenness_centrality": 0.0,
        "closeness_centrality": 0.2962962962962963,
        "eigenvector_centrality": 0.10781233812601025,
        "pagerank": 0.054794969211770655,
        "clustering": 0
      },
      "LT_GL": {
        "degree": 4,
        "degree_centrality": 0.4444444444444444,
        "betweenness_centrality": 0.41666666666666663,
        "closeness_centrality": 0.5470085470085471,
        "eigenvector_centrality": 0.501702258307254,
        "pagerank": 0.1511202363385522,
        "clustering": 0.3333333333333333
      },
      "LT_RF": {
        "degree": 3,
        "degree_centrality": 0.3333333333333333,
        "betweenness_centrality": 0.19444444444444442,
        "closeness_centrality": 0.4183006535947712,
        "eigenvector_centrality": 0.3100700056677666,
        "pagerank": 0.12024439372604301,
        "clustering": 0.3333333333333333
      },
      "LT_HAM": {
        "degree": 2,
        "degree_centrality": 0.2222222222222222,
        "betweenness_centrality": 0.0,
        "closeness_centrality": 0.3950617283950617,
        "eigenvector_centrality": 0.2822546559727613,
        "pagerank": 0.12325219035385013,
        "clustering": 1.0
      },
      "LT_VL": {
        "degree": 2,
        "degree_centrality": 0.2222222222222222,
        "betweenness_centrality": 0.0,
        "closeness_centrality": 0.4444444444444444,
        "eigenvector_centrality": 0.34888463572961664,
        "pagerank": 0.06050113657562821,
        "clustering": 1.0
      },
      "RT_TA": {
        "degree": 0,
        "degree_centrality": 0.0,
        "betweenness_centrality": 0.0,
        "closeness_centrality": 0.0,
        "eigenvector_centrality": 3.611452429433341e-11,
        "pagerank": 0.016393442622950824,
        "clustering": 0
      },
      "RT_GL": {
        "degree": 1,
        "degree_centrality": 0.1111111111111111,
        "betweenness_centrality": 0.0,
        "closeness_centrality": 0.2962962962962963,
        "eigenvector_centrality": 0.10781233812601027,
        "pagerank": 0.065156018701946,
        "clustering": 0
      },
      "RT_RF": {
        "degree": 4,
        "degree_centrality": 0.4444444444444444,
        "betweenness_centrality": 0.41666666666666663,
        "closeness_centrality": 0.5470085470085471,
        "eigenvector_centrality": 0.501702258307254,
        "pagerank": 0.15632536554984897,
        "clustering": 0.3333333333333333
      },
      "RT_HAM": {
        "degree": 3,
        "degree_centrality": 0.3333333333333333,
        "betweenness_centrality": 0.19444444444444442,
        "closeness_centrality": 0.4183006535947712,
        "eigenvector_centrality": 0.3100700056677666,
        "pagerank": 0.1193394969965711,
        "clustering": 0.3333333333333333
      },
      "RT_VL": {
        "degree": 2,
        "degree_centrality": 0.2222222222222222,
        "betweenness_centrality": 0.0,
        "closeness_centrality": 0.3950617283950617,
        "eigenvector_centrality": 0.2822546559727613,
        "pagerank": 0.13287274992283912,
        "clustering": 1.0
      }
    },
    "communities": {
      "LT_TA": 2,
      "LT_GL": 1,
      "LT_RF": 1,
      "LT_HAM": 1,
      "LT_VL": 1,
      "RT_TA": 0,
      "RT_GL": 1,
      "RT_RF": 2,
      "RT_HAM": 2,
      "RT_VL": 2
    }
  },
  "analysis_time": 72.91833782196045
}