{
  "subject_id": "S5",
  "data_info": {
    "duration": 319.6605,
    "sampling_rate": 2000
  },
  "quality_metrics": {
    "channel_0": {
      "snr_db": -65.33412755483799,
      "rms": 0.33795985573922727,
      "peak_to_peak": 1.0328891552611668
    },
    "channel_1": {
      "snr_db": -65.04919877188006,
      "rms": 0.3025133748380739,
      "peak_to_peak": 1.0089166646371217
    },
    "channel_2": {
      "snr_db": -66.9360134685691,
      "rms": 0.284107019143207,
      "peak_to_peak": 1.0103037747867296
    },
    "channel_3": {
      "snr_db": -65.25716659327156,
      "rms": 0.2983723124277384,
      "peak_to_peak": 0.9143465941948418
    },
    "channel_4": {
      "snr_db": -65.76438245677178,
      "rms": 0.2748002689813589,
      "peak_to_peak": 1.0191576755018565
    },
    "channel_5": {
      "snr_db": -65.0436305259772,
      "rms": 0.31515462976470454,
      "peak_to_peak": 1.0080145398380769
    },
    "channel_6": {
      "snr_db": -65.84850373262957,
      "rms": 0.2706672206632538,
      "peak_to_peak": 0.9939227123804202
    },
    "channel_7": {
      "snr_db": -66.73203124565535,
      "rms": 0.29149905291608047,
      "peak_to_peak": 1.009578867482277
    },
    "channel_8": {
      "snr_db": -64.7977880098456,
      "rms": 0.27962344725133786,
      "peak_to_peak": 0.9880181738506458
    },
    "channel_9": {
      "snr_db": -65.90015950907217,
      "rms": 0.2977267040901648,
      "peak_to_peak": 0.9993398925038668
    }
  },
  "n_cycles": 196,
  "coherence": {
    "delta": [
      [
        1.0,
        0.05587788791092846,
        0.15904812584483813,
        0.09265381907172415,
        0.244743483378566,
        0.5204568784320498,
        0.14390067497502118,
        0.18032779539266391,
        0.013163230369943171,
        0.17976818141064432
      ],
      [
        0.05587788791092846,
        1.0,
        0.032598103311543454,
        0.008653760433048049,
        0.019115471552550785,
        0.15840356390396151,
        0.010001708285252828,
        0.23152263052455488,
        0.034637643342098665,
        0.17508128106754
      ],
      [
        0.15904812584483813,
        0.032598103311543454,
        1.0,
        0.07932780924174507,
        0.7596648728546045,
        0.0769041401690661,
        0.16475530458900786,
        0.025543267411949826,
        0.05637527248989271,
        0.013228883649770207
      ],
      [
        0.09265381907172415,
        0.008653760433048049,
        0.07932780924174507,
        1.0,
        0.08093745739486174,
        0.016125766201035355,
        0.1764933814953734,
        0.012670958286317334,
        0.006044860528287902,
        0.01843673521361101
      ],
      [
        0.244743483378566,
        0.019115471552550785,
        0.7596648728546045,
        0.08093745739486174,
        1.0,
        0.15747134424267728,
        0.14661984760609376,
        0.0007924137034407945,
        0.06524083043866932,
        0.0011991896313503442
      ],
      [
        0.5204568784320498,
        0.15840356390396151,
        0.0769041401690661,
        0.016125766201035355,
        0.15747134424267728,
        1.0,
        0.05121403165996692,
        0.3345606573374792,
        0.01816225417907175,
        0.2941720739774576
      ],
      [
        0.14390067497502118,
        0.010001708285252828,
        0.16475530458900786,
        0.1764933814953734,
        0.14661984760609376,
        0.05121403165996692,
        1.0,
        0.021001389570117553,
        0.026281159447630417,
        0.025375328683172334
      ],
      [
        0.18032779539266391,
        0.23152263052455488,
        0.025543267411949826,
        0.012670958286317334,
        0.0007924137034407945,
        0.3345606573374792,
        0.021001389570117553,
        1.0,
        0.03201737491798703,
        0.817039790092261
      ],
      [
        0.013163230369943171,
        0.034637643342098665,
        0.05637527248989271,
        0.006044860528287902,
        0.06524083043866932,
        0.01816225417907175,
        0.026281159447630417,
        0.03201737491798703,
        1.0,
        0.03791918913543105
      ],
      [
        0.17976818141064432,
        0.17508128106754,
        0.013228883649770207,
        0.01843673521361101,
        0.0011991896313503442,
        0.2941720739774576,
        0.025375328683172334,
        0.817039790092261,
        0.03791918913543105,
        1.0
      ]
    ],
    "theta": [
      [
        1.0,
        0.09182961751539326,
        0.12502164154274703,
        0.10688573713277998,
        0.25936509633378485,
        0.5219486492621523,
        0.16491565015757567,
        0.19407309637573283,
        0.05040685082681014,
        0.2219762642412565
      ],
      [
        0.09182961751539326,
        1.0,
        0.08568797261598936,
        0.010540740529694163,
        0.04767141044472008,
        0.23059698630286463,
        0.0009478537701068975,
        0.2910994187170647,
        0.01186821149627062,
        0.16483241040108484
      ],
      [
        0.12502164154274703,
        0.08568797261598936,
        1.0,
        0.029821341811697242,
        0.6940538488609121,
        0.07248815143142835,
        0.14604821237216287,
        0.029753856930203392,
        0.053115463731780874,
        0.009237138964734937
      ],
      [
        0.10688573713277998,
        0.010540740529694163,
        0.029821341811697242,
        1.0,
        0.04253882444967968,
        0.03388383375907091,
        0.16193741221703264,
        0.021267894045529877,
        0.004126764429505023,
        0.030769649586343872
      ],
      [
        0.25936509633378485,
        0.04767141044472008,
        0.6940538488609121,
        0.04253882444967968,
        1.0,
        0.22425737066156726,
        0.08895258139974012,
        0.0049263704476914996,
        0.05936892464503877,
        0.006631266884020578
      ],
      [
        0.5219486492621523,
        0.23059698630286463,
        0.07248815143142835,
        0.03388383375907091,
        0.22425737066156726,
        1.0,
        0.04123480858127236,
        0.278224840315083,
        0.05899172457963252,
        0.25528194161897444
      ],
      [
        0.16491565015757567,
        0.0009478537701068975,
        0.14604821237216287,
        0.16193741221703264,
        0.08895258139974012,
        0.04123480858127236,
        1.0,
        0.07765374478442749,
        0.007018074908963172,
        0.08551238916314016
      ],
      [
        0.19407309637573283,
        0.2910994187170647,
        0.029753856930203392,
        0.021267894045529877,
        0.0049263704476914996,
        0.278224840315083,
        0.07765374478442749,
        1.0,
        0.010168576103842175,
        0.7469279091105077
      ],
      [
        0.05040685082681014,
        0.01186821149627062,
        0.053115463731780874,
        0.004126764429505023,
        0.05936892464503877,
        0.05899172457963252,
        0.007018074908963172,
        0.010168576103842175,
        1.0,
        0.014527109650416294
      ],
      [
        0.2219762642412565,
        0.16483241040108484,
        0.009237138964734937,
        0.030769649586343872,
        0.006631266884020578,
        0.25528194161897444,
        0.08551238916314016,
        0.7469279091105077,
        0.014527109650416294,
        1.0
      ]
    ],
    "alpha": [
      [
        1.0,
        0.01996020437628467,
        0.1817019053194891,
        0.08777855450629783,
        0.22793599145639654,
        0.3682949066672273,
        0.12578513688565263,
        0.08980261602997286,
        0.021415933470289552,
        0.12396910558856404
      ],
      [
        0.01996020437628467,
        1.0,
        0.005310031387295277,
        0.032995587800319526,
        0.002744949575723477,
        0.13029817916793712,
        0.11491678518506429,
        0.20372194156522883,
        0.057024551716045625,
        0.15368243400127346
      ],
      [
        0.1817019053194891,
        0.005310031387295277,
        1.0,
        0.3028365199640098,
        0.7739459034315698,
        0.04081586680375484,
        0.23285936498577198,
        0.014074254246484987,
        0.022966473001658293,
        0.0023580756103746678
      ],
      [
        0.08777855450629783,
        0.032995587800319526,
        0.3028365199640098,
        1.0,
        0.2748976122504655,
        0.009024692290413836,
        0.21636290732062985,
        0.015035353833224682,
        0.0018368930314318166,
        0.010344312689684769
      ],
      [
        0.22793599145639654,
        0.002744949575723477,
        0.7739459034315698,
        0.2748976122504655,
        1.0,
        0.10712736906278843,
        0.19958283613449845,
        0.001105171507472734,
        0.006802610424114771,
        0.0012060535409289962
      ],
      [
        0.3682949066672273,
        0.13029817916793712,
        0.04081586680375484,
        0.009024692290413836,
        0.10712736906278843,
        1.0,
        0.01784274387756968,
        0.291449217383364,
        0.04166033082749501,
        0.24689653410805787
      ],
      [
        0.12578513688565263,
        0.11491678518506429,
        0.23285936498577198,
        0.21636290732062985,
        0.19958283613449845,
        0.01784274387756968,
        1.0,
        0.0005136276672999502,
        0.037192558199125675,
        0.001299364705311847
      ],
      [
        0.08980261602997286,
        0.20372194156522883,
        0.014074254246484987,
        0.015035353833224682,
        0.001105171507472734,
        0.291449217383364,
        0.0005136276672999502,
        1.0,
        0.14491876384388908,
        0.7924533531800565
      ],
      [
        0.021415933470289552,
        0.057024551716045625,
        0.022966473001658293,
        0.0018368930314318166,
        0.006802610424114771,
        0.04166033082749501,
        0.037192558199125675,
        0.14491876384388908,
        1.0,
        0.13167808961937988
      ],
      [
        0.12396910558856404,
        0.15368243400127346,
        0.0023580756103746678,
        0.010344312689684769,
        0.0012060535409289962,
        0.24689653410805787,
        0.001299364705311847,
        0.7924533531800565,
        0.13167808961937988,
        1.0
      ]
    ],
    "beta": [
      [
        1.0,
        0.15578561852364975,
        0.279418759786517,
        0.16817979314925516,
        0.3069419437521326,
        0.4170592845466869,
        0.1015838623144716,
        0.051793814571690154,
        0.0002783029488966695,
        0.06122074273304325
      ],
      [
        0.15578561852364975,
        1.0,
        0.008415458502487356,
        0.05745979340191872,
        0.007789320064136409,
        0.14432673851517577,
        0.1492388150000514,
        0.12643111992502218,
        0.09010173270230398,
        0.1149847953173965
      ],
      [
        0.279418759786517,
        0.008415458502487356,
        1.0,
        0.5005124441242257,
        0.895594239845434,
        0.02720067101383764,
        0.13651661073741178,
        0.010740156772346326,
        0.004916693382739525,
        0.00184804297451916
      ],
      [
        0.16817979314925516,
        0.05745979340191872,
        0.5005124441242257,
        1.0,
        0.48779545603959445,
        0.015684735630721182,
        0.21096940365650918,
        0.0035991709462164564,
        0.024269044027945934,
        0.003056224885471007
      ],
      [
        0.3069419437521326,
        0.007789320064136409,
        0.895594239845434,
        0.48779545603959445,
        1.0,
        0.052279751181216146,
        0.12335842438046445,
        0.0005121051639520179,
        0.002813072586413169,
        0.0025316660335582444
      ],
      [
        0.4170592845466869,
        0.14432673851517577,
        0.02720067101383764,
        0.015684735630721182,
        0.052279751181216146,
        1.0,
        0.05111798242684594,
        0.3628250428860872,
        0.07234214194279653,
        0.3199635021206084
      ],
      [
        0.1015838623144716,
        0.1492388150000514,
        0.13651661073741178,
        0.21096940365650918,
        0.12335842438046445,
        0.05111798242684594,
        1.0,
        0.0015581342123342345,
        0.07873134365807331,
        0.0008001767327128273
      ],
      [
        0.051793814571690154,
        0.12643111992502218,
        0.010740156772346326,
        0.0035991709462164564,
        0.0005121051639520179,
        0.3628250428860872,
        0.0015581342123342345,
        1.0,
        0.35083351313924893,
        0.9180563529746143
      ],
      [
        0.0002783029488966695,
        0.09010173270230398,
        0.004916693382739525,
        0.024269044027945934,
        0.002813072586413169,
        0.07234214194279653,
        0.07873134365807331,
        0.35083351313924893,
        1.0,
        0.3644808328302477
      ],
      [
        0.06122074273304325,
        0.1149847953173965,
        0.00184804297451916,
        0.003056224885471007,
        0.0025316660335582444,
        0.3199635021206084,
        0.0008001767327128273,
        0.9180563529746143,
        0.3644808328302477,
        1.0
      ]
    ],
    "gamma": [
      [
        1.0,
        0.20687927369515724,
        0.2891955737087404,
        0.18638684785819948,
        0.30528045893236033,
        0.4032266297473182,
        0.057002525568404426,
        0.02027061416512086,
        0.0003147009532216057,
        0.022326525878249896
      ],
      [
        0.20687927369515724,
        1.0,
        0.01152229600128416,
        0.06310327336308513,
        0.011908175671795921,
        0.12836559417371202,
        0.15830860202879737,
        0.04358492835829215,
        0.07341392149939482,
        0.03952194774717778
      ],
      [
        0.2891955737087404,
        0.01152229600128416,
        1.0,
        0.5372756299107324,
        0.9080967706598141,
        0.015424848337693165,
        0.04780203535077611,
        0.007612903503166582,
        0.0010985284022145998,
        0.0005909903313727689
      ],
      [
        0.18638684785819948,
        0.06310327336308513,
        0.5372756299107324,
        1.0,
        0.528865265229741,
        0.020990130905786896,
        0.1610187029115308,
        0.0005235743322232836,
        0.03764248921800586,
        0.00244492873439925
      ],
      [
        0.30528045893236033,
        0.011908175671795921,
        0.9080967706598141,
        0.528865265229741,
        1.0,
        0.02952299361659381,
        0.04016112835763013,
        5.476409730855805e-05,
        0.005191488001500821,
        0.003907673165408606
      ],
      [
        0.4032266297473182,
        0.12836559417371202,
        0.015424848337693165,
        0.020990130905786896,
        0.02952299361659381,
        1.0,
        0.0694404134579846,
        0.3578122409241601,
        0.09079802552938684,
        0.3133568912829896
      ],
      [
        0.057002525568404426,
        0.15830860202879737,
        0.04780203535077611,
        0.1610187029115308,
        0.04016112835763013,
        0.0694404134579846,
        1.0,
        0.003769901046657669,
        0.08800573232696922,
        0.0021890821672067846
      ],
      [
        0.02027061416512086,
        0.04358492835829215,
        0.007612903503166582,
        0.0005235743322232836,
        5.476409730855805e-05,
        0.3578122409241601,
        0.003769901046657669,
        1.0,
        0.4066948007249924,
        0.9305837859536072
      ],
      [
        0.0003147009532216057,
        0.07341392149939482,
        0.0010985284022145998,
        0.03764248921800586,
        0.005191488001500821,
        0.09079802552938684,
        0.08800573232696922,
        0.4066948007249924,
        1.0,
        0.42716463597466336
      ],
      [
        0.022326525878249896,
        0.03952194774717778,
        0.0005909903313727689,
        0.00244492873439925,
        0.003907673165408606,
        0.3133568912829896,
        0.0021890821672067846,
        0.9305837859536072,
        0.42716463597466336,
        1.0
      ]
    ],
    "full": [
      [
        1.0,
        0.1446988030987631,
        0.24526713124936012,
        0.15266348782081113,
        0.28699677878597274,
        0.43196366151667837,
        0.09768078569947533,
        0.07331227940795373,
        0.007756612430667748,
        0.08169210253650243
      ],
      [
        0.1446988030987631,
        1.0,
        0.019035963434057054,
        0.04663072227840081,
        0.013795804749313105,
        0.1459105552467683,
        0.11725894812845147,
        0.12934736483253484,
        0.06658804524636182,
        0.10201740973407024
      ],
      [
        0.24526713124936012,
        0.019035963434057054,
        1.0,
        0.3984416466392124,
        0.8546300238986535,
        0.034849171101317834,
        0.11488421586457523,
        0.01353383004660048,
        0.016460915173481208,
        0.003723085033045424
      ],
      [
        0.15266348782081113,
        0.04663072227840081,
        0.3984416466392124,
        1.0,
        0.3903707309074577,
        0.018680742731028824,
        0.18309678551631536,
        0.0060507476844131915,
        0.023334000055332746,
        0.007879767378240842
      ],
      [
        0.28699677878597274,
        0.013795804749313105,
        0.8546300238986535,
        0.3903707309074577,
        1.0,
        0.07715856930904183,
        0.09815495785049498,
        0.0007645085003382065,
        0.017989455869203766,
        0.003069286896071251
      ],
      [
        0.43196366151667837,
        0.1459105552467683,
        0.034849171101317834,
        0.018680742731028824,
        0.07715856930904183,
        1.0,
        0.05485997021354483,
        0.34455051911835033,
        0.06771809686026088,
        0.302858545275333
      ],
      [
        0.09768078569947533,
        0.11725894812845147,
        0.11488421586457523,
        0.18309678551631536,
        0.09815495785049498,
        0.05485997021354483,
        1.0,
        0.01117324566727599,
        0.06551746063619146,
        0.011669886846283225
      ],
      [
        0.07331227940795373,
        0.12934736483253484,
        0.01353383004660048,
        0.0060507476844131915,
        0.0007645085003382065,
        0.34455051911835033,
        0.01117324566727599,
        1.0,
        0.2812253958435126,
        0.8845080910878138
      ],
      [
        0.007756612430667748,
        0.06658804524636182,
        0.016460915173481208,
        0.023334000055332746,
        0.017989455869203766,
        0.06771809686026088,
        0.06551746063619146,
        0.2812253958435126,
        1.0,
        0.29352231451807426
      ],
      [
        0.08169210253650243,
        0.10201740973407024,
        0.003723085033045424,
        0.007879767378240842,
        0.003069286896071251,
        0.302858545275333,
        0.011669886846283225,
        0.8845080910878138,
        0.29352231451807426,
        1.0
      ]
    ]
  },
  "correlation": [
    [
      1.0,
      -0.4244818344497252,
      0.4522941014449681,
      0.38064786310143495,
      0.47433445636487687,
      -0.6668041080528705,
      0.3088972519677377,
      -0.20804615241047975,
      -0.12494237917885173,
      -0.18662101174790316
    ],
    [
      -0.4244818344497252,
      1.0,
      -0.18336966463514573,
      -0.2782640348534318,
      -0.14357118402569963,
      0.3925197123160944,
      -0.4711306037989247,
      0.04563527553759472,
      0.26852164154001257,
      0.03843099337247199
    ],
    [
      0.4522941014449681,
      -0.18336966463514573,
      1.0,
      0.6625792039740692,
      0.9338492138916785,
      -0.2160808188283042,
      0.06326923857768023,
      -0.17008349571214637,
      -0.2271989461347918,
      -0.232893788863335
    ],
    [
      0.38064786310143495,
      -0.2782640348534318,
      0.6625792039740693,
      0.9999999999999998,
      0.6733743977137618,
      -0.2661955072558806,
      0.39055435776702374,
      -0.26595080580215186,
      -0.3590532173752561,
      -0.30157263527086253
    ],
    [
      0.4743344563648768,
      -0.14357118402569963,
      0.9338492138916785,
      0.6733743977137618,
      0.9999999999999999,
      -0.25890909471900686,
      0.045908200687882345,
      -0.2710567131818083,
      -0.2904673188975204,
      -0.3312283626464614
    ],
    [
      -0.6668041080528705,
      0.3925197123160944,
      -0.2160808188283042,
      -0.2661955072558806,
      -0.2589090947190069,
      0.9999999999999999,
      -0.30064187443004653,
      0.550543084336559,
      0.2457807054211168,
      0.5039556559415789
    ],
    [
      0.30889725196773776,
      -0.47113060379892463,
      0.06326923857768024,
      0.3905543577670237,
      0.045908200687882345,
      -0.3006418744300466,
      1.0,
      -0.14689367236560344,
      -0.2872161061597106,
      -0.11049909509274254
    ],
    [
      -0.20804615241047972,
      0.04563527553759473,
      -0.17008349571214637,
      -0.26595080580215186,
      -0.2710567131818083,
      0.550543084336559,
      -0.14689367236560344,
      1.0,
      0.5664407280202882,
      0.9536218531254231
    ],
    [
      -0.12494237917885173,
      0.26852164154001257,
      -0.2271989461347918,
      -0.35905321737525603,
      -0.29046731889752037,
      0.2457807054211168,
      -0.28721610615971055,
      0.5664407280202882,
      1.0,
      0.5919493447867301
    ],
    [
      -0.1866210117479032,
      0.03843099337247198,
      -0.23289378886333503,
      -0.3015726352708625,
      -0.33122836264646144,
      0.5039556559415789,
      -0.11049909509274253,
      0.9536218531254231,
      0.5919493447867301,
      1.0
    ]
  ],
  "mutual_information": [
    [
      0.0,
      0.6904953703051726,
      0.2988207714826273,
      0.2409007625698657,
      0.30559041642605395,
      0.5970175744670024,
      0.42670982785850237,
      0.319969180150679,
      0.2535055530101442,
      0.3168971420839636
    ],
    [
      0.6904953703051726,
      0.0,
      0.3161644586516867,
      0.26483325479519415,
      0.31942469633995163,
      0.4385717021998483,
      0.5227556281687902,
      0.2974662338319157,
      0.3414295083318785,
      0.3480434193156931
    ],
    [
      0.2988207714826273,
      0.3161644586516867,
      0.0,
      0.4368479586257361,
      0.8606818940488538,
      0.28777515810892096,
      0.3017475686348697,
      0.3032714420269653,
      0.25723127116199657,
      0.3070035456116171
    ],
    [
      0.2409007625698657,
      0.26483325479519415,
      0.4368479586257361,
      0.0,
      0.5208589072269435,
      0.2352588712918602,
      0.33631788844750365,
      0.2419175842189069,
      0.3242374434572527,
      0.2517106091972699
    ],
    [
      0.30559041642605395,
      0.31942469633995163,
      0.8606818940488538,
      0.5208589072269435,
      0.0,
      0.27888684628872096,
      0.37429378907655975,
      0.2961311083649856,
      0.33385328760399674,
      0.2946545954433871
    ],
    [
      0.5970175744670024,
      0.4385717021998483,
      0.28777515810892096,
      0.2352588712918602,
      0.27888684628872096,
      0.0,
      0.5519379436409485,
      0.3580320335725996,
      0.29098460131797377,
      0.32799672262988755
    ],
    [
      0.42670982785850237,
      0.5227556281687902,
      0.3017475686348697,
      0.33631788844750365,
      0.37429378907655975,
      0.5519379436409485,
      0.0,
      0.279825701874801,
      0.32477762290720436,
      0.2634292470196755
    ],
    [
      0.319969180150679,
      0.2974662338319157,
      0.3032714420269653,
      0.2419175842189069,
      0.2961311083649856,
      0.3580320335725996,
      0.279825701874801,
      0.0,
      0.3788618625025583,
      0.9999999999057487
    ],
    [
      0.2535055530101442,
      0.3414295083318785,
      0.25723127116199657,
      0.3242374434572527,
      0.33385328760399674,
      0.29098460131797377,
      0.32477762290720436,
      0.3788618625025583,
      0.0,
      0.40264863884103913
    ],
    [
      0.3168971420839636,
      0.3480434193156931,
      0.3070035456116171,
      0.2517106091972699,
      0.2946545954433871,
      0.32799672262988755,
      0.2634292470196755,
      0.9999999999057487,
      0.40264863884103913,
      0.0
    ]
  ],
  "network": {
    "global_metrics": {
      "n_nodes": 10,
      "n_edges": 11,
      "density": 0.24444444444444444,
      "is_connected": false,
      "diameter": 5,
      "average_path_length": 2.2142857142857144,
      "global_efficiency": 0.6142857142857141,
      "largest_component_size": 8,
      "avg_clustering": 0.5333333333333333,
      "transitivity": 0.6,
      "assortativity": -0.22222222222221427,
      "small_worldness": 0.0,
      "modularity": 0.39568507809900355
    },
    "nodal_metrics": {
      "LT_TA": {
        "degree": 3,
        "degree_centrality": 0.3333333333333333,
        "betweenness_centrality": 0.3333333333333333,
        "closeness_centrality": 0.4537037037037037,
        "eigenvector_centrality": 0.40422003873707374,
        "pagerank": 0.10051278929796276,
        "clustering": 0.3333333333333333
      },
      "LT_GL": {
        "degree": 0,
        "degree_centrality": 0.0,
        "betweenness_centrality": 0.0,
        "closeness_centrality": 0.0,
        "eigenvector_centrality": 3.779822496824656e-08,
        "pagerank": 0.018072289156626512,
        "clustering": 0
      },
      "LT_RF": {
        "degree": 3,
        "degree_centrality": 0.3333333333333333,
        "betweenness_centrality": 0.06944444444444445,
        "closeness_centrality": 0.362962962962963,
        "eigenvector_centrality": 0.366549382778095,
        "pagerank": 0.14683825691279123,
        "clustering": 0.6666666666666666
      },
      "LT_HAM": {
        "degree": 2,
        "degree_centrality": 0.2222222222222222,
        "betweenness_centrality": 0.0,
        "closeness_centrality": 0.2722222222222222,
        "eigenvector_centrality": 0.26055567591858797,
        "pagerank": 0.08373165778729143,
        "clustering": 1.0
      },
      "LT_VL": {
        "degree": 3,
        "degree_centrality": 0.3333333333333333,
        "betweenness_centrality": 0.06944444444444445,
        "closeness_centrality": 0.362962962962963,
        "eigenvector_centrality": 0.366549382778095,
        "pagerank": 0.14991343649050035,
        "clustering": 0.6666666666666666
      },
      "RT_TA": {
        "degree": 3,
        "degree_centrality": 0.3333333333333333,
        "betweenness_centrality": 0.3333333333333333,
        "closeness_centrality": 0.4537037037037037,
        "eigenvector_centrality": 0.40422003873707374,
        "pagerank": 0.11211628235756792,
        "clustering": 0.3333333333333333
      },
      "RT_GL": {
        "degree": 0,
        "degree_centrality": 0.0,
        "betweenness_centrality": 0.0,
        "closeness_centrality": 0.0,
        "eigenvector_centrality": 3.779822496824656e-08,
        "pagerank": 0.018072289156626512,
        "clustering": 0
      },
      "RT_RF": {
        "degree": 3,
        "degree_centrality": 0.3333333333333333,
        "betweenness_centrality": 0.06944444444444445,
        "closeness_centrality": 0.362962962962963,
        "eigenvector_centrality": 0.366549382778095,
        "pagerank": 0.15289178604196488,
        "clustering": 0.6666666666666666
      },
      "RT_HAM": {
        "degree": 2,
        "degree_centrality": 0.2222222222222222,
        "betweenness_centrality": 0.0,
        "closeness_centrality": 0.2722222222222222,
        "eigenvector_centrality": 0.26055567591858797,
        "pagerank": 0.06758772375383577,
        "clustering": 1.0
      },
      "RT_VL": {
        "degree": 3,
        "degree_centrality": 0.3333333333333333,
        "betweenness_centrality": 0.06944444444444445,
        "closeness_centrality": 0.362962962962963,
        "eigenvector_centrality": 0.366549382778095,
        "pagerank": 0.15026348904483272,
        "clustering": 0.6666666666666666
      }
    },
    "communities": {
      "LT_TA": 0,
      "LT_GL": 1,
      "LT_RF": 4,
      "LT_HAM": 4,
      "LT_VL": 4,
      "RT_TA": 0,
      "RT_GL": 3,
      "RT_RF": 2,
      "RT_HAM": 2,
      "RT_VL": 2
    }
  },
  "analysis_time": 135.39558672904968
}