{
  "subject_id": "S6",
  "data_info": {
    "duration": 310.0205,
    "sampling_rate": 2000
  },
  "quality_metrics": {
    "channel_0": {
      "snr_db": -67.09259703518623,
      "rms": 0.3579030828325052,
      "peak_to_peak": 1.0393474048037303
    },
    "channel_1": {
      "snr_db": -66.27851990878287,
      "rms": 0.21704688967880345,
      "peak_to_peak": 1.0417732916669407
    },
    "channel_2": {
      "snr_db": -65.24393896557153,
      "rms": 0.24157605330132723,
      "peak_to_peak": 0.9983308858831609
    },
    "channel_3": {
      "snr_db": -67.73319680292427,
      "rms": 0.2712711702516086,
      "peak_to_peak": 0.988934395685286
    },
    "channel_4": {
      "snr_db": -65.10473506337279,
      "rms": 0.286596483425479,
      "peak_to_peak": 1.0077795183807765
    },
    "channel_5": {
      "snr_db": -67.53828445922008,
      "rms": 0.3418774635591962,
      "peak_to_peak": 1.0392789864294774
    },
    "channel_6": {
      "snr_db": -66.10156030811777,
      "rms": 0.22813368504028605,
      "peak_to_peak": 1.0430670856210673
    },
    "channel_7": {
      "snr_db": -66.46229616655114,
      "rms": 0.23664524660123645,
      "peak_to_peak": 0.9896423469046722
    },
    "channel_8": {
      "snr_db": -68.62390296918649,
      "rms": 0.31368207729531705,
      "peak_to_peak": 0.9528259275434171
    },
    "channel_9": {
      "snr_db": -66.03870723802433,
      "rms": 0.28787516618345477,
      "peak_to_peak": 1.0247050909567295
    }
  },
  "n_cycles": 163,
  "coherence": {
    "delta": [
      [
        1.0,
        0.05775078073538589,
        0.09769953861915774,
        0.2567614473792715,
        0.10471176230550269,
        0.08238639192139899,
        0.24537620972538593,
        0.09194601511941813,
        0.04936230909850877,
        0.08461417762016193
      ],
      [
        0.05775078073538589,
        1.0,
        0.004951211831883778,
        0.07949245177921649,
        0.011144036884256536,
        0.2589654969712018,
        0.0006180891058925844,
        0.21711645728776335,
        0.15276102822777632,
        0.22068995214393244
      ],
      [
        0.09769953861915774,
        0.004951211831883778,
        1.0,
        0.11407259481507191,
        0.5114895835595594,
        0.04111245515869889,
        0.18039882086446668,
        0.004587637665797295,
        0.010674260659392257,
        0.0006996853160551457
      ],
      [
        0.2567614473792715,
        0.07949245177921649,
        0.11407259481507191,
        1.0,
        0.12594597283606415,
        0.018443033170169626,
        0.1739170633233463,
        0.01853199594990717,
        0.017246537071531558,
        0.002990003707996161
      ],
      [
        0.10471176230550269,
        0.011144036884256536,
        0.5114895835595594,
        0.12594597283606415,
        1.0,
        0.06330712456733695,
        0.08877260581294279,
        0.00160634421263949,
        0.010875701326425225,
        0.011194081010015292
      ],
      [
        0.08238639192139899,
        0.2589654969712018,
        0.04111245515869889,
        0.018443033170169626,
        0.06330712456733695,
        1.0,
        0.0375892795735588,
        0.1641976743273069,
        0.04382932484428893,
        0.22138025313600834
      ],
      [
        0.24537620972538593,
        0.0006180891058925844,
        0.18039882086446668,
        0.1739170633233463,
        0.08877260581294279,
        0.0375892795735588,
        1.0,
        0.001140927480483705,
        0.16238683324415018,
        0.007151813675521659
      ],
      [
        0.09194601511941813,
        0.21711645728776335,
        0.004587637665797295,
        0.01853199594990717,
        0.00160634421263949,
        0.1641976743273069,
        0.001140927480483705,
        1.0,
        0.049692002106762403,
        0.7745330036864093
      ],
      [
        0.04936230909850877,
        0.15276102822777632,
        0.010674260659392257,
        0.017246537071531558,
        0.010875701326425225,
        0.04382932484428893,
        0.16238683324415018,
        0.049692002106762403,
        1.0,
        0.06365665263087021
      ],
      [
        0.08461417762016193,
        0.22068995214393244,
        0.0006996853160551457,
        0.002990003707996161,
        0.011194081010015292,
        0.22138025313600834,
        0.007151813675521659,
        0.7745330036864093,
        0.06365665263087021,
        1.0
      ]
    ],
    "theta": [
      [
        1.0,
        0.08831356916395446,
        0.16258707468781827,
        0.2679003186173128,
        0.05127939594022163,
        0.07643396506643822,
        0.40697715293691544,
        0.0869671161730929,
        0.04799342434642512,
        0.07208086039082029
      ],
      [
        0.08831356916395446,
        1.0,
        0.0011668300014436323,
        0.06761406246816988,
        0.005097167679012697,
        0.38100027948285603,
        0.0015459504051136114,
        0.18081261448903635,
        0.08179213413881488,
        0.1741070542664566
      ],
      [
        0.16258707468781827,
        0.0011668300014436323,
        1.0,
        0.1961779799157184,
        0.44980092697963225,
        0.04746658305881238,
        0.14031402948455304,
        0.009520117887568047,
        0.008436042299435838,
        0.0005801451596863885
      ],
      [
        0.2679003186173128,
        0.06761406246816988,
        0.1961779799157184,
        1.0,
        0.0937879017103412,
        0.02072391517677966,
        0.3074612647644865,
        0.015503811925809768,
        0.012808500404317255,
        0.002400465605485251
      ],
      [
        0.05127939594022163,
        0.005097167679012697,
        0.44980092697963225,
        0.0937879017103412,
        1.0,
        0.08464934159138755,
        0.0503642393212734,
        0.006967849802511381,
        0.0007996733034913249,
        0.025112952807221256
      ],
      [
        0.07643396506643822,
        0.38100027948285603,
        0.04746658305881238,
        0.02072391517677966,
        0.08464934159138755,
        1.0,
        0.05980114762688939,
        0.2997394121674874,
        0.056137229144357606,
        0.3557639914593314
      ],
      [
        0.40697715293691544,
        0.0015459504051136114,
        0.14031402948455304,
        0.3074612647644865,
        0.0503642393212734,
        0.05980114762688939,
        1.0,
        0.0007223488890006498,
        0.15194523940171115,
        0.0024883438318774637
      ],
      [
        0.0869671161730929,
        0.18081261448903635,
        0.009520117887568047,
        0.015503811925809768,
        0.006967849802511381,
        0.2997394121674874,
        0.0007223488890006498,
        1.0,
        0.056925907826933575,
        0.7380191590371777
      ],
      [
        0.04799342434642512,
        0.08179213413881488,
        0.008436042299435838,
        0.012808500404317255,
        0.0007996733034913249,
        0.056137229144357606,
        0.15194523940171115,
        0.056925907826933575,
        1.0,
        0.07075109355387812
      ],
      [
        0.07208086039082029,
        0.1741070542664566,
        0.0005801451596863885,
        0.002400465605485251,
        0.025112952807221256,
        0.3557639914593314,
        0.0024883438318774637,
        0.7380191590371777,
        0.07075109355387812,
        1.0
      ]
    ],
    "alpha": [
      [
        1.0,
        0.007075636108240604,
        0.14707556605950453,
        0.1541625055459363,
        0.12394372899403681,
        0.20393288508547114,
        0.16126067532197189,
        0.0766742917395407,
        0.02997137883481223,
        0.0944932385507481
      ],
      [
        0.007075636108240604,
        1.0,
        0.012923594107916582,
        0.04335831993578589,
        0.011800816489760228,
        0.19377944284387666,
        0.0013951806411843144,
        0.12340534700163225,
        0.21360060196326178,
        0.1433860395673713
      ],
      [
        0.14707556605950453,
        0.012923594107916582,
        1.0,
        0.1866550950044381,
        0.6012027709137967,
        0.03465627161690958,
        0.11355557515022001,
        0.005064694751203094,
        0.03117380744657693,
        0.0006741759136662586
      ],
      [
        0.1541625055459363,
        0.04335831993578589,
        0.1866550950044381,
        1.0,
        0.19815577969231138,
        0.018225583661080794,
        0.21292543195302727,
        0.016441861589537216,
        0.029492484807047106,
        0.013334724305900481
      ],
      [
        0.12394372899403681,
        0.011800816489760228,
        0.6012027709137967,
        0.19815577969231138,
        1.0,
        0.023718566475899736,
        0.17911029885224178,
        0.004654762300205895,
        0.05643882101801176,
        0.0035931903415160585
      ],
      [
        0.20393288508547114,
        0.19377944284387666,
        0.03465627161690958,
        0.018225583661080794,
        0.023718566475899736,
        1.0,
        0.006927234863272207,
        0.23511416283263756,
        0.043234900784736185,
        0.23999744549725305
      ],
      [
        0.16126067532197189,
        0.0013951806411843144,
        0.11355557515022001,
        0.21292543195302727,
        0.17911029885224178,
        0.006927234863272207,
        1.0,
        0.017164108497857218,
        0.1439663332019564,
        0.018272576580345968
      ],
      [
        0.0766742917395407,
        0.12340534700163225,
        0.005064694751203094,
        0.016441861589537216,
        0.004654762300205895,
        0.23511416283263756,
        0.017164108497857218,
        1.0,
        0.14723552088813135,
        0.7593627497324269
      ],
      [
        0.02997137883481223,
        0.21360060196326178,
        0.03117380744657693,
        0.029492484807047106,
        0.05643882101801176,
        0.043234900784736185,
        0.1439663332019564,
        0.14723552088813135,
        1.0,
        0.17824190771635817
      ],
      [
        0.0944932385507481,
        0.1433860395673713,
        0.0006741759136662586,
        0.013334724305900481,
        0.0035931903415160585,
        0.23999744549725305,
        0.018272576580345968,
        0.7593627497324269,
        0.17824190771635817,
        1.0
      ]
    ],
    "beta": [
      [
        1.0,
        0.017023729049325764,
        0.18764763800243825,
        0.16644184617742286,
        0.23309628149812786,
        0.14601720427738502,
        0.08854211525362161,
        0.028664842512235486,
        0.06924640272193092,
        0.044871625638548004
      ],
      [
        0.017023729049325764,
        1.0,
        0.015173416602211992,
        0.05030684636583191,
        0.019404641449906706,
        0.12192574119523455,
        0.0010898478101300725,
        0.11499556118040123,
        0.365528840204297,
        0.09682921398366166
      ],
      [
        0.18764763800243825,
        0.015173416602211992,
        1.0,
        0.15615098803483368,
        0.7419465106659965,
        0.018322427147799147,
        0.09370615726738042,
        0.001254300074010859,
        0.05660968598090544,
        0.0029378807840312296
      ],
      [
        0.16644184617742286,
        0.05030684636583191,
        0.15615098803483368,
        1.0,
        0.25126666480135534,
        0.031729221859609955,
        0.31117936346685415,
        0.01166203530815006,
        0.11212680829893952,
        0.013572962086074841
      ],
      [
        0.23309628149812786,
        0.019404641449906706,
        0.7419465106659965,
        0.25126666480135534,
        1.0,
        0.0100183782377525,
        0.10842064997026936,
        0.0017997248573031822,
        0.05248623242208919,
        0.0015329362286500643
      ],
      [
        0.14601720427738502,
        0.12192574119523455,
        0.018322427147799147,
        0.031729221859609955,
        0.0100183782377525,
        1.0,
        0.0031017211936179116,
        0.3095974367560071,
        0.04373768285992432,
        0.3228955574409153
      ],
      [
        0.08854211525362161,
        0.0010898478101300725,
        0.09370615726738042,
        0.31117936346685415,
        0.10842064997026936,
        0.0031017211936179116,
        1.0,
        0.030894805565742908,
        0.18920869249415528,
        0.0147663390945366
      ],
      [
        0.028664842512235486,
        0.11499556118040123,
        0.001254300074010859,
        0.01166203530815006,
        0.0017997248573031822,
        0.3095974367560071,
        0.030894805565742908,
        1.0,
        0.09624556363953607,
        0.8295931684722637
      ],
      [
        0.06924640272193092,
        0.365528840204297,
        0.05660968598090544,
        0.11212680829893952,
        0.05248623242208919,
        0.04373768285992432,
        0.18920869249415528,
        0.09624556363953607,
        1.0,
        0.12989866989823323
      ],
      [
        0.044871625638548004,
        0.09682921398366166,
        0.0029378807840312296,
        0.013572962086074841,
        0.0015329362286500643,
        0.3228955574409153,
        0.0147663390945366,
        0.8295931684722637,
        0.12989866989823323,
        1.0
      ]
    ],
    "gamma": [
      [
        1.0,
        0.032492068390789816,
        0.1798319262124216,
        0.1396663187418074,
        0.23857865217932858,
        0.12223269381617936,
        0.032900909862172645,
        0.0102096963752926,
        0.06798322149509385,
        0.014380676835076716
      ],
      [
        0.032492068390789816,
        1.0,
        0.014477744753964423,
        0.04345357784811326,
        0.021621404621425734,
        0.04945398498026034,
        0.0012158772087462934,
        0.06016474183542723,
        0.3831888854498874,
        0.032926067966246544
      ],
      [
        0.1798319262124216,
        0.014477744753964423,
        1.0,
        0.10112906834479936,
        0.7562302234626017,
        0.00979583982936475,
        0.047217749002089124,
        0.0004211839496516917,
        0.04857311315523725,
        0.004253647683904751
      ],
      [
        0.1396663187418074,
        0.04345357784811326,
        0.10112906834479936,
        1.0,
        0.2130759058864231,
        0.030293990723828584,
        0.31079261513370454,
        0.004194692442070393,
        0.11757353351270475,
        0.011417352504344364
      ],
      [
        0.23857865217932858,
        0.021621404621425734,
        0.7562302234626017,
        0.2130759058864231,
        1.0,
        0.00348758238583602,
        0.03502781522423492,
        0.0006101546058367659,
        0.0313005076955296,
        0.0004204836493302233
      ],
      [
        0.12223269381617936,
        0.04945398498026034,
        0.00979583982936475,
        0.030293990723828584,
        0.00348758238583602,
        1.0,
        0.0069515431662437715,
        0.30980504885695004,
        0.018885583713570832,
        0.3238312436848685
      ],
      [
        0.032900909862172645,
        0.0012158772087462934,
        0.047217749002089124,
        0.31079261513370454,
        0.03502781522423492,
        0.0069515431662437715,
        1.0,
        0.032892025385840705,
        0.18866432932716112,
        0.010640418236069505
      ],
      [
        0.0102096963752926,
        0.06016474183542723,
        0.0004211839496516917,
        0.004194692442070393,
        0.0006101546058367659,
        0.30980504885695004,
        0.032892025385840705,
        1.0,
        0.03167345772966225,
        0.8343112463056329
      ],
      [
        0.06798322149509385,
        0.3831888854498874,
        0.04857311315523725,
        0.11757353351270475,
        0.0313005076955296,
        0.018885583713570832,
        0.18866432932716112,
        0.03167345772966225,
        1.0,
        0.07009232723896677
      ],
      [
        0.014380676835076716,
        0.032926067966246544,
        0.004253647683904751,
        0.011417352504344364,
        0.0004204836493302233,
        0.3238312436848685,
        0.010640418236069505,
        0.8343112463056329,
        0.07009232723896677,
        1.0
      ]
    ],
    "full": [
      [
        1.0,
        0.03395738653032454,
        0.16575476161980765,
        0.17689882287234773,
        0.19307115664880142,
        0.12618245539885725,
        0.12135871215653915,
        0.03948009923668268,
        0.06104547228780367,
        0.04516864160857445
      ],
      [
        0.03395738653032454,
        1.0,
        0.01208271061167676,
        0.05295788928202173,
        0.017300895911080118,
        0.14059104661164434,
        0.0011243143494103732,
        0.11532744845884127,
        0.3060749677403272,
        0.10083232260673633
      ],
      [
        0.16575476161980765,
        0.01208271061167676,
        1.0,
        0.13394058141643322,
        0.6786861557684263,
        0.02204743636393386,
        0.09427543234182104,
        0.0023756313857436636,
        0.04078943698189271,
        0.0027441117893162777
      ],
      [
        0.17689882287234773,
        0.05295788928202173,
        0.13394058141643322,
        1.0,
        0.20109860120863982,
        0.027247877402752495,
        0.28206933483847274,
        0.010510097604470272,
        0.0856283815472084,
        0.010237985245646094
      ],
      [
        0.19307115664880142,
        0.017300895911080118,
        0.6786861557684263,
        0.20109860120863982,
        1.0,
        0.02249950631401164,
        0.07814164813858868,
        0.001929613306645601,
        0.034264412703104485,
        0.004563728333078406
      ],
      [
        0.12618245539885725,
        0.14059104661164434,
        0.02204743636393386,
        0.027247877402752495,
        0.02249950631401164,
        1.0,
        0.014543964787920747,
        0.2808203011510398,
        0.035108417663478705,
        0.3037892608782004
      ],
      [
        0.12135871215653915,
        0.0011243143494103732,
        0.09427543234182104,
        0.28206933483847274,
        0.07814164813858868,
        0.014543964787920747,
        1.0,
        0.02370828165692311,
        0.17852628120803038,
        0.011333230409366204
      ],
      [
        0.03948009923668268,
        0.11532744845884127,
        0.0023756313857436636,
        0.010510097604470272,
        0.001929613306645601,
        0.2808203011510398,
        0.02370828165692311,
        1.0,
        0.06514576739500347,
        0.8104905247353572
      ],
      [
        0.06104547228780367,
        0.3060749677403272,
        0.04078943698189271,
        0.0856283815472084,
        0.034264412703104485,
        0.035108417663478705,
        0.17852628120803038,
        0.06514576739500347,
        1.0,
        0.09587404787074952
      ],
      [
        0.04516864160857445,
        0.10083232260673633,
        0.0027441117893162777,
        0.010237985245646094,
        0.004563728333078406,
        0.3037892608782004,
        0.011333230409366204,
        0.8104905247353572,
        0.09587404787074952,
        1.0
      ]
    ]
  },
  "correlation": [
    [
      1.0,
      -0.17626805092599268,
      0.2811932671169716,
      0.42964056837841885,
      0.3716318462882319,
      -0.24059058682599666,
      0.0479818822925121,
      -0.07002098693428101,
      -0.21654797098415732,
      -0.09395907865583235
    ],
    [
      -0.17626805092599268,
      1.0,
      -0.13472622857710143,
      0.047933146788408154,
      -0.17892535990965786,
      -0.04874982618979975,
      -0.25658498958439907,
      -0.06369844966042486,
      0.4788322999154843,
      0.03820122281076323
    ],
    [
      0.2811932671169716,
      -0.1347262285771014,
      1.0,
      0.2201823243883068,
      0.8583442636549513,
      -0.018666422873269847,
      -0.05633233395200685,
      -0.21844449783599912,
      -0.17160751604583638,
      -0.2961135566874849
    ],
    [
      0.4296405683784189,
      0.047933146788408154,
      0.2201823243883068,
      1.0,
      0.3924964032676619,
      -0.13214806358924613,
      0.5105458846085993,
      -0.06353818299857564,
      0.1722084295730046,
      -0.020411539721218067
    ],
    [
      0.3716318462882319,
      -0.17892535990965788,
      0.8583442636549513,
      0.3924964032676619,
      1.0,
      -0.06908813551056757,
      0.1288344784971039,
      -0.23959909451841352,
      -0.17849631143777198,
      -0.2971025016597632
    ],
    [
      -0.24059058682599663,
      -0.04874982618979975,
      -0.018666422873269847,
      -0.13214806358924616,
      -0.06908813551056757,
      1.0,
      -0.0893869450382679,
      0.4207569512207284,
      0.12264117018310446,
      0.4436790066601163
    ],
    [
      0.0479818822925121,
      -0.256584989584399,
      -0.05633233395200684,
      0.5105458846085993,
      0.12883447849710386,
      -0.08938694503826788,
      1.0,
      -0.20557913922734275,
      0.27573977511918824,
      -0.16280045802479412
    ],
    [
      -0.07002098693428101,
      -0.06369844966042486,
      -0.21844449783599915,
      -0.06353818299857564,
      -0.23959909451841355,
      0.42075695122072837,
      -0.20557913922734275,
      1.0,
      0.10852571873507472,
      0.8998632107103176
    ],
    [
      -0.21654797098415735,
      0.47883229991548426,
      -0.17160751604583638,
      0.17220842957300458,
      -0.17849631143777198,
      0.12264117018310444,
      0.27573977511918824,
      0.10852571873507472,
      1.0,
      0.2482638208205396
    ],
    [
      -0.09395907865583233,
      0.03820122281076323,
      -0.29611355668748485,
      -0.020411539721218067,
      -0.2971025016597632,
      0.4436790066601162,
      -0.16280045802479412,
      0.8998632107103175,
      0.2482638208205396,
      1.0
    ]
  ],
  "mutual_information": [
    [
      0.0,
      0.5225384012007238,
      0.3860600056503628,
      0.3377263281998767,
      0.32760584710152474,
      0.2624258594766723,
      0.2814285333188378,
      0.2503926584644531,
      0.2988626014859394,
      0.30029365233016464
    ],
    [
      0.5225384012007238,
      0.0,
      0.49162552122346764,
      0.3732713905587801,
      0.46853526841457876,
      0.2476410857206893,
      0.4052041150457361,
      0.3953370409860109,
      0.40558566680315455,
      0.4847659018908299
    ],
    [
      0.3860600056503628,
      0.49162552122346764,
      0.0,
      0.41249464802481534,
      0.9915656676104746,
      0.2952391681636003,
      0.47115336516083933,
      0.3254432839112567,
      0.3625949211659351,
      0.34722883576321334
    ],
    [
      0.3377263281998767,
      0.3732713905587801,
      0.41249464802481534,
      0.0,
      0.3825376071023462,
      0.28332791472825164,
      0.4272474445019391,
      0.30146829921150686,
      0.2682909920823797,
      0.3679122637564586
    ],
    [
      0.32760584710152474,
      0.46853526841457876,
      0.9915656676104746,
      0.3825376071023462,
      0.0,
      0.3059068445389622,
      0.4880303442879856,
      0.31791584980222853,
      0.2781533412878889,
      0.3568650545912231
    ],
    [
      0.2624258594766723,
      0.2476410857206893,
      0.2952391681636003,
      0.28332791472825164,
      0.3059068445389622,
      0.0,
      0.4495063223969705,
      0.33427471316407603,
      0.2569234025675579,
      0.37830110072942325
    ],
    [
      0.2814285333188378,
      0.4052041150457361,
      0.47115336516083933,
      0.4272474445019391,
      0.4880303442879856,
      0.4495063223969705,
      0.0,
      0.46163053267427917,
      0.29953730375790516,
      0.5151077656795967
    ],
    [
      0.2503926584644531,
      0.3953370409860109,
      0.3254432839112567,
      0.30146829921150686,
      0.31791584980222853,
      0.33427471316407603,
      0.46163053267427917,
      0.0,
      0.2864894004358882,
      0.999999999891563
    ],
    [
      0.2988626014859394,
      0.40558566680315455,
      0.3625949211659351,
      0.2682909920823797,
      0.2781533412878889,
      0.2569234025675579,
      0.29953730375790516,
      0.2864894004358882,
      0.0,
      0.3565245373376382
    ],
    [
      0.30029365233016464,
      0.4847659018908299,
      0.34722883576321334,
      0.3679122637564586,
      0.3568650545912231,
      0.37830110072942325,
      0.5151077656795967,
      0.999999999891563,
      0.3565245373376382,
      0.0
    ]
  ],
  "network": {
    "global_metrics": {
      "n_nodes": 10,
      "n_edges": 11,
      "density": 0.24444444444444444,
      "is_connected": false,
      "diameter": 5,
      "average_path_length": 2.238095238095238,
      "global_efficiency": 0.6087301587301587,
      "largest_component_size": 7,
      "avg_clustering": 0.5666666666666667,
      "transitivity": 0.6,
      "assortativity": 0.4358974358974363,
      "small_worldness": 0.0,
      "modularity": 0.5533195906050206
    },
    "nodal_metrics": {
      "LT_TA": {
        "degree": 3,
        "degree_centrality": 0.3333333333333333,
        "betweenness_centrality": 0.05555555555555555,
        "closeness_centrality": 0.3333333333333333,
        "eigenvector_centrality": 0.5278039310013625,
        "pagerank": 0.07981950265849606,
        "clustering": 0.6666666666666666
      },
      "LT_GL": {
        "degree": 1,
        "degree_centrality": 0.1111111111111111,
        "betweenness_centrality": 0.0,
        "closeness_centrality": 0.21052631578947367,
        "eigenvector_centrality": 0.03550217187228867,
        "pagerank": 0.070113673196387,
        "clustering": 0
      },
      "LT_RF": {
        "degree": 2,
        "degree_centrality": 0.2222222222222222,
        "betweenness_centrality": 0.0,
        "closeness_centrality": 0.25,
        "eigenvector_centrality": 0.39710632613152985,
        "pagerank": 0.11346257200351444,
        "clustering": 1.0
      },
      "LT_HAM": {
        "degree": 3,
        "degree_centrality": 0.3333333333333333,
        "betweenness_centrality": 0.25,
        "closeness_centrality": 0.39999999999999997,
        "eigenvector_centrality": 0.47812450317320193,
        "pagerank": 0.10469492115623275,
        "clustering": 0.3333333333333333
      },
      "LT_VL": {
        "degree": 3,
        "degree_centrality": 0.3333333333333333,
        "betweenness_centrality": 0.05555555555555555,
        "closeness_centrality": 0.3333333333333333,
        "eigenvector_centrality": 0.5278039310013625,
        "pagerank": 0.14407676030020636,
        "clustering": 0.6666666666666666
      },
      "RT_TA": {
        "degree": 2,
        "degree_centrality": 0.2222222222222222,
        "betweenness_centrality": 0.0,
        "closeness_centrality": 0.2222222222222222,
        "eigenvector_centrality": 1.4551312047116759e-05,
        "pagerank": 0.06740321770322776,
        "clustering": 1.0
      },
      "RT_GL": {
        "degree": 2,
        "degree_centrality": 0.2222222222222222,
        "betweenness_centrality": 0.2222222222222222,
        "closeness_centrality": 0.3636363636363636,
        "eigenvector_centrality": 0.2153665626321293,
        "pagerank": 0.08517574219243966,
        "clustering": 0
      },
      "RT_RF": {
        "degree": 2,
        "degree_centrality": 0.2222222222222222,
        "betweenness_centrality": 0.0,
        "closeness_centrality": 0.2222222222222222,
        "eigenvector_centrality": 1.4551312047116759e-05,
        "pagerank": 0.11513996557154299,
        "clustering": 1.0
      },
      "RT_HAM": {
        "degree": 2,
        "degree_centrality": 0.2222222222222222,
        "betweenness_centrality": 0.1388888888888889,
        "closeness_centrality": 0.2857142857142857,
        "eigenvector_centrality": 0.09437364519750939,
        "pagerank": 0.10265682849272366,
        "clustering": 0
      },
      "RT_VL": {
        "degree": 2,
        "degree_centrality": 0.2222222222222222,
        "betweenness_centrality": 0.0,
        "closeness_centrality": 0.2222222222222222,
        "eigenvector_centrality": 1.4551312047116759e-05,
        "pagerank": 0.1174568167252292,
        "clustering": 1.0
      }
    },
    "communities": {
      "LT_TA": 0,
      "LT_GL": 2,
      "LT_RF": 0,
      "LT_HAM": 2,
      "LT_VL": 0,
      "RT_TA": 1,
      "RT_GL": 2,
      "RT_RF": 1,
      "RT_HAM": 2,
      "RT_VL": 1
    }
  },
  "analysis_time": 133.18425273895264
}