{
  "subject_id": "S7",
  "data_info": {
    "duration": 309.4305,
    "sampling_rate": 2000
  },
  "quality_metrics": {
    "channel_0": {
      "snr_db": -66.24690360038531,
      "rms": 0.31417201455215976,
      "peak_to_peak": 1.0585119324583587
    },
    "channel_1": {
      "snr_db": -65.20841286235226,
      "rms": 0.25500364622562116,
      "peak_to_peak": 1.028765381928893
    },
    "channel_2": {
      "snr_db": -68.32181888613825,
      "rms": 0.2676907012638741,
      "peak_to_peak": 1.0816892406736185
    },
    "channel_3": {
      "snr_db": -65.89660211278712,
      "rms": 0.20403479770134889,
      "peak_to_peak": 1.0295114668186824
    },
    "channel_4": {
      "snr_db": -66.9051771334244,
      "rms": 0.25594110707564116,
      "peak_to_peak": 1.0193555608374416
    },
    "channel_5": {
      "snr_db": -66.04318530033045,
      "rms": 0.34388269630017543,
      "peak_to_peak": 1.0319880482659627
    },
    "channel_6": {
      "snr_db": -65.61174006791744,
      "rms": 0.23521192999671794,
      "peak_to_peak": 1.039885376483445
    },
    "channel_7": {
      "snr_db": -67.42494639798093,
      "rms": 0.25194700887451493,
      "peak_to_peak": 0.9858422698603408
    },
    "channel_8": {
      "snr_db": -66.61790441170481,
      "rms": 0.20047505623830766,
      "peak_to_peak": 1.0094853287654457
    },
    "channel_9": {
      "snr_db": -66.17824917264196,
      "rms": 0.2418948270878121,
      "peak_to_peak": 1.03520958532825
    }
  },
  "n_cycles": 278,
  "coherence": {
    "delta": [
      [
        1.0,
        0.0366870541701314,
        0.023083650677116457,
        0.06810540453408676,
        0.09089476151702658,
        0.10169487388214438,
        0.12195564797104409,
        0.11622727544672698,
        0.006273243565700165,
        0.16886766515691384
      ],
      [
        0.0366870541701314,
        1.0,
        0.006674691497118603,
        0.017748445245712143,
        0.001900456556138865,
        0.18795286555556492,
        0.02695167588487553,
        0.17142190740839539,
        0.15338877216732066,
        0.2539718158957177
      ],
      [
        0.023083650677116457,
        0.006674691497118603,
        1.0,
        0.059346194810363996,
        0.5487735469643007,
        0.04519804056385419,
        0.13730847226292248,
        0.16797186631764582,
        0.03394006177246736,
        0.07660582226171231
      ],
      [
        0.06810540453408676,
        0.017748445245712143,
        0.059346194810363996,
        1.0,
        0.08855642857971142,
        0.008194511901492285,
        0.22611569096758727,
        0.004565664928708085,
        0.004188850820473926,
        0.0008146350977402229
      ],
      [
        0.09089476151702658,
        0.001900456556138865,
        0.5487735469643007,
        0.08855642857971142,
        1.0,
        0.058114422836617156,
        0.2170438407250706,
        0.10661671278927833,
        0.01702135412558554,
        0.051022795040626547
      ],
      [
        0.10169487388214438,
        0.18795286555556492,
        0.04519804056385419,
        0.008194511901492285,
        0.058114422836617156,
        1.0,
        0.02200438168942379,
        0.0863775056573839,
        0.08114417796165296,
        0.2609806101807154
      ],
      [
        0.12195564797104409,
        0.02695167588487553,
        0.13730847226292248,
        0.22611569096758727,
        0.2170438407250706,
        0.02200438168942379,
        1.0,
        0.009292627077663571,
        0.004342145189026955,
        0.0011219920966108162
      ],
      [
        0.11622727544672698,
        0.17142190740839539,
        0.16797186631764582,
        0.004565664928708085,
        0.10661671278927833,
        0.0863775056573839,
        0.009292627077663571,
        1.0,
        0.08638104682914674,
        0.700832056955241
      ],
      [
        0.006273243565700165,
        0.15338877216732066,
        0.03394006177246736,
        0.004188850820473926,
        0.01702135412558554,
        0.08114417796165296,
        0.004342145189026955,
        0.08638104682914674,
        1.0,
        0.12285717470196442
      ],
      [
        0.16886766515691384,
        0.2539718158957177,
        0.07660582226171231,
        0.0008146350977402229,
        0.051022795040626547,
        0.2609806101807154,
        0.0011219920966108162,
        0.700832056955241,
        0.12285717470196442,
        1.0
      ]
    ],
    "theta": [
      [
        1.0,
        0.03863807888854478,
        0.01847224460416212,
        0.14559450877969746,
        0.12858625099798904,
        0.0337900558958304,
        0.19039486712343842,
        0.12215430084034923,
        0.001957754249736075,
        0.14131472103137158
      ],
      [
        0.03863807888854478,
        1.0,
        0.015737697688213877,
        0.01350188831978225,
        6.3959821762726785e-06,
        0.24320223096728885,
        0.018453609932245377,
        0.11633808591922425,
        0.21342862992901754,
        0.2658047804856641
      ],
      [
        0.01847224460416212,
        0.015737697688213877,
        1.0,
        0.06463121062166663,
        0.47161489037751225,
        0.08336099806778859,
        0.09500764735408224,
        0.15206530653798264,
        0.04281382555050702,
        0.10519220444170149
      ],
      [
        0.14559450877969746,
        0.01350188831978225,
        0.06463121062166663,
        1.0,
        0.14658351524940078,
        0.013883114682700815,
        0.274761145922936,
        0.003545799075018362,
        0.004649589353036111,
        0.00038297103862943436
      ],
      [
        0.12858625099798904,
        6.3959821762726785e-06,
        0.47161489037751225,
        0.14658351524940078,
        1.0,
        0.07161469039920036,
        0.20747867975059445,
        0.10624881621199737,
        0.025998209333262,
        0.0483607327113423
      ],
      [
        0.0337900558958304,
        0.24320223096728885,
        0.08336099806778859,
        0.013883114682700815,
        0.07161469039920036,
        1.0,
        0.01696524758346972,
        0.1335573035972473,
        0.17845709023373726,
        0.2863490412757967
      ],
      [
        0.19039486712343842,
        0.018453609932245377,
        0.09500764735408224,
        0.274761145922936,
        0.20747867975059445,
        0.01696524758346972,
        1.0,
        0.014678268734608252,
        0.007333312944935785,
        0.0014410364388428196
      ],
      [
        0.12215430084034923,
        0.11633808591922425,
        0.15206530653798264,
        0.003545799075018362,
        0.10624881621199737,
        0.1335573035972473,
        0.014678268734608252,
        1.0,
        0.14253432381298412,
        0.6679324480154472
      ],
      [
        0.001957754249736075,
        0.21342862992901754,
        0.04281382555050702,
        0.004649589353036111,
        0.025998209333262,
        0.17845709023373726,
        0.007333312944935785,
        0.14253432381298412,
        1.0,
        0.24238707461422576
      ],
      [
        0.14131472103137158,
        0.2658047804856641,
        0.10519220444170149,
        0.00038297103862943436,
        0.0483607327113423,
        0.2863490412757967,
        0.0014410364388428196,
        0.6679324480154472,
        0.24238707461422576,
        1.0
      ]
    ],
    "alpha": [
      [
        1.0,
        0.03370112000449464,
        0.07098048560581419,
        0.05992589678635141,
        0.10054891197132997,
        0.18454057052654918,
        0.03566927478829187,
        0.08769390402502071,
        0.0639713042306534,
        0.15840897483351035
      ],
      [
        0.03370112000449464,
        1.0,
        0.029654296168473218,
        0.014209028374165237,
        0.017457066697993514,
        0.04474698066731983,
        0.02845328917209273,
        0.14490015503420328,
        0.151393228381713,
        0.17410171664475507
      ],
      [
        0.07098048560581419,
        0.029654296168473218,
        1.0,
        0.12721823768443966,
        0.5690274525109125,
        0.009768707916157122,
        0.17405148229866443,
        0.1386060248468741,
        0.05067254495489383,
        0.08110933510892292
      ],
      [
        0.05992589678635141,
        0.014209028374165237,
        0.12721823768443966,
        1.0,
        0.19896954930849226,
        0.03443858869219907,
        0.23955498848107812,
        0.020890236743716102,
        0.0005400834447060476,
        0.0026754093735566723
      ],
      [
        0.10054891197132997,
        0.017457066697993514,
        0.5690274525109125,
        0.19896954930849226,
        1.0,
        0.05263801470402991,
        0.18868195017799438,
        0.08958071209241648,
        0.03797438505440048,
        0.037440464365855027
      ],
      [
        0.18454057052654918,
        0.04474698066731983,
        0.009768707916157122,
        0.03443858869219907,
        0.05263801470402991,
        1.0,
        0.024861332677574132,
        0.1293959750658479,
        0.0442106186338859,
        0.2194396712494025
      ],
      [
        0.03566927478829187,
        0.02845328917209273,
        0.17405148229866443,
        0.23955498848107812,
        0.18868195017799438,
        0.024861332677574132,
        1.0,
        0.04858245162129134,
        0.0009024058772789249,
        0.015002422221381087
      ],
      [
        0.08769390402502071,
        0.14490015503420328,
        0.1386060248468741,
        0.020890236743716102,
        0.08958071209241648,
        0.1293959750658479,
        0.04858245162129134,
        1.0,
        0.18319866910826615,
        0.729477132896307
      ],
      [
        0.0639713042306534,
        0.151393228381713,
        0.05067254495489383,
        0.0005400834447060476,
        0.03797438505440048,
        0.0442106186338859,
        0.0009024058772789249,
        0.18319866910826615,
        1.0,
        0.23663127374903598
      ],
      [
        0.15840897483351035,
        0.17410171664475507,
        0.08110933510892292,
        0.0026754093735566723,
        0.037440464365855027,
        0.2194396712494025,
        0.015002422221381087,
        0.729477132896307,
        0.23663127374903598,
        1.0
      ]
    ],
    "beta": [
      [
        1.0,
        0.1038365560719138,
        0.10039564754307023,
        0.03925068895320252,
        0.10854248149272261,
        0.28924347938356626,
        0.01562842617466475,
        0.057680004825839196,
        0.12537428345315516,
        0.11945323775646016
      ],
      [
        0.1038365560719138,
        1.0,
        0.041628227392257994,
        0.015252765022727117,
        0.022107738875086817,
        0.019791887640476492,
        0.04513985431885581,
        0.10302237752036912,
        0.14749004232064897,
        0.09290128540602327
      ],
      [
        0.10039564754307023,
        0.041628227392257994,
        1.0,
        0.0981739301401749,
        0.7100082054735215,
        0.016401138708066414,
        0.14899457565536087,
        0.142370163329261,
        0.03744624902787075,
        0.06382577722591332
      ],
      [
        0.03925068895320252,
        0.015252765022727117,
        0.0981739301401749,
        1.0,
        0.19318834780755306,
        0.10616782992236445,
        0.2658122194738691,
        0.028213420776141536,
        0.0011837029403904858,
        0.010271507012495698
      ],
      [
        0.10854248149272261,
        0.022107738875086817,
        0.7100082054735215,
        0.19318834780755306,
        1.0,
        0.059500033538564756,
        0.10203465684559666,
        0.07136285465919141,
        0.02398304585511364,
        0.02434790032203969
      ],
      [
        0.28924347938356626,
        0.019791887640476492,
        0.016401138708066414,
        0.10616782992236445,
        0.059500033538564756,
        1.0,
        0.08610249206393233,
        0.15586192089377252,
        0.029488616248937293,
        0.21696719383240398
      ],
      [
        0.01562842617466475,
        0.04513985431885581,
        0.14899457565536087,
        0.2658122194738691,
        0.10203465684559666,
        0.08610249206393233,
        1.0,
        0.08724858081378684,
        0.00029257433236088153,
        0.03413990908388498
      ],
      [
        0.057680004825839196,
        0.10302237752036912,
        0.142370163329261,
        0.028213420776141536,
        0.07136285465919141,
        0.15586192089377252,
        0.08724858081378684,
        1.0,
        0.16592059956970767,
        0.8333645692310052
      ],
      [
        0.12537428345315516,
        0.14749004232064897,
        0.03744624902787075,
        0.0011837029403904858,
        0.02398304585511364,
        0.029488616248937293,
        0.00029257433236088153,
        0.16592059956970767,
        1.0,
        0.2682089487201337
      ],
      [
        0.11945323775646016,
        0.09290128540602327,
        0.06382577722591332,
        0.010271507012495698,
        0.02434790032203969,
        0.21696719383240398,
        0.03413990908388498,
        0.8333645692310052,
        0.2682089487201337,
        1.0
      ]
    ],
    "gamma": [
      [
        1.0,
        0.13458606511507643,
        0.10258103917918618,
        0.030548960070894464,
        0.10793356174717952,
        0.29336614086676194,
        0.0067657719918341255,
        0.021363207138913615,
        0.13337084371210664,
        0.07530881105864885
      ],
      [
        0.13458606511507643,
        1.0,
        0.04015400887137266,
        0.01600968879326535,
        0.022693227734183717,
        0.010201126368951671,
        0.05098812089794221,
        0.05650860028928858,
        0.11543826719571562,
        0.031538759258860724
      ],
      [
        0.10258103917918618,
        0.04015400887137266,
        1.0,
        0.05661040453583137,
        0.7216460520130178,
        0.006707639758749584,
        0.10698778900175614,
        0.13113733097046212,
        0.017487956852719016,
        0.05140914164105433
      ],
      [
        0.030548960070894464,
        0.01600968879326535,
        0.05661040453583137,
        1.0,
        0.16449863924637165,
        0.13145320392395068,
        0.24283801307568878,
        0.02378111400191803,
        0.0019548976919090875,
        0.013350509584665077
      ],
      [
        0.10793356174717952,
        0.022693227734183717,
        0.7216460520130178,
        0.16449863924637165,
        1.0,
        0.04040530148630735,
        0.0438075181969121,
        0.05756437139096997,
        0.00968953752842099,
        0.01765095027466061
      ],
      [
        0.29336614086676194,
        0.010201126368951671,
        0.006707639758749584,
        0.13145320392395068,
        0.04040530148630735,
        1.0,
        0.11623776775960237,
        0.15665871325653566,
        0.027515917360178433,
        0.21051473520582525
      ],
      [
        0.0067657719918341255,
        0.05098812089794221,
        0.10698778900175614,
        0.24283801307568878,
        0.0438075181969121,
        0.11623776775960237,
        1.0,
        0.09561965268162839,
        0.0007851670948144848,
        0.041980856392275064
      ],
      [
        0.021363207138913615,
        0.05650860028928858,
        0.13113733097046212,
        0.02378111400191803,
        0.05756437139096997,
        0.15665871325653566,
        0.09561965268162839,
        1.0,
        0.12977365157831605,
        0.839713074256721
      ],
      [
        0.13337084371210664,
        0.11543826719571562,
        0.017487956852719016,
        0.0019548976919090875,
        0.00968953752842099,
        0.027515917360178433,
        0.0007851670948144848,
        0.12977365157831605,
        1.0,
        0.2525999627629489
      ],
      [
        0.07530881105864885,
        0.031538759258860724,
        0.05140914164105433,
        0.013350509584665077,
        0.01765095027466061,
        0.21051473520582525,
        0.041980856392275064,
        0.839713074256721,
        0.2525999627629489,
        1.0
      ]
    ],
    "full": [
      [
        1.0,
        0.09492229669971843,
        0.08077752443326315,
        0.05011375160011576,
        0.10652018620847384,
        0.2342711535426725,
        0.04356292327012678,
        0.059987600827442214,
        0.0959097613834572,
        0.11475507942290729
      ],
      [
        0.09492229669971843,
        1.0,
        0.03277110236744766,
        0.015712870095585148,
        0.017166266920285642,
        0.061079086550184826,
        0.04125463635686334,
        0.09990112056139523,
        0.14144237753127273,
        0.11362685129540395
      ],
      [
        0.08077752443326315,
        0.03277110236744766,
        1.0,
        0.07586842932051467,
        0.6604963475981693,
        0.021743733902897508,
        0.12881487090837046,
        0.142444797860731,
        0.030660867263493354,
        0.06552784624484416
      ],
      [
        0.05011375160011576,
        0.015712870095585148,
        0.07586842932051467,
        1.0,
        0.1629163468599528,
        0.08820369742208428,
        0.24953741997023912,
        0.020409739906946684,
        0.002159744204599799,
        0.008655863583151902
      ],
      [
        0.10652018620847384,
        0.017166266920285642,
        0.6604963475981693,
        0.1629163468599528,
        1.0,
        0.05234678402786619,
        0.11210957921120593,
        0.07556432534419893,
        0.018645782592414853,
        0.02873024152460863
      ],
      [
        0.2342711535426725,
        0.061079086550184826,
        0.021743733902897508,
        0.08820369742208428,
        0.05234678402786619,
        1.0,
        0.07780262697643328,
        0.14172688767966396,
        0.04926847050673619,
        0.2267840295573363
      ],
      [
        0.04356292327012678,
        0.04125463635686334,
        0.12881487090837046,
        0.24953741997023912,
        0.11210957921120593,
        0.07780262697643328,
        1.0,
        0.06991835085957815,
        0.0016935493849065052,
        0.028088566242335442
      ],
      [
        0.059987600827442214,
        0.09990112056139523,
        0.142444797860731,
        0.020409739906946684,
        0.07556432534419893,
        0.14172688767966396,
        0.06991835085957815,
        1.0,
        0.13931121098076574,
        0.7946997956176818
      ],
      [
        0.0959097613834572,
        0.14144237753127273,
        0.030660867263493354,
        0.002159744204599799,
        0.018645782592414853,
        0.04926847050673619,
        0.0016935493849065052,
        0.13931121098076574,
        1.0,
        0.23542833126634383
      ],
      [
        0.11475507942290729,
        0.11362685129540395,
        0.06552784624484416,
        0.008655863583151902,
        0.02873024152460863,
        0.2267840295573363,
        0.028088566242335442,
        0.7946997956176818,
        0.23542833126634383,
        1.0
      ]
    ]
  },
  "correlation": [
    [
      1.0,
      -0.3450635082706861,
      0.24801571271181883,
      0.24749353323891668,
      0.3161519825714016,
      -0.44759238448827776,
      0.19316021674831138,
      -0.17097849632542592,
      -0.2108580363983643,
      -0.29119774412141336
    ],
    [
      -0.34506350827068616,
      1.0,
      -0.056565447978169425,
      -0.18498111093422667,
      -0.08104255800859402,
      0.17664842296764108,
      -0.4051231412381938,
      -0.06820402136094932,
      0.3089380319807015,
      -0.0074618842479622265
    ],
    [
      0.24801571271181883,
      -0.056565447978169425,
      1.0,
      0.22433268885489446,
      0.8132670784522612,
      -0.08503849965124215,
      -0.14451896029503325,
      0.13406589290836965,
      -0.06567537870732389,
      -0.023882020570571344
    ],
    [
      0.24749353323891668,
      -0.18498111093422664,
      0.22433268885489444,
      0.9999999999999998,
      0.37558722185658605,
      -0.2439944141325229,
      0.4335626876409165,
      -0.1950557076378427,
      -0.07466941139749163,
      -0.23309950963394205
    ],
    [
      0.3161519825714016,
      -0.08104255800859402,
      0.8132670784522611,
      0.37558722185658605,
      1.0,
      -0.2092407920902509,
      -0.055006357715362365,
      -0.027954050287341933,
      -0.13187185291259326,
      -0.14260697626298377
    ],
    [
      -0.44759238448827776,
      0.1766484229676411,
      -0.08503849965124215,
      -0.24399441413252287,
      -0.20924079209025093,
      1.0,
      -0.3231637602494907,
      0.36154284420929456,
      0.23829939994014465,
      0.4603429829470248
    ],
    [
      0.19316021674831135,
      -0.4051231412381938,
      -0.14451896029503325,
      0.4335626876409165,
      -0.05500635771536236,
      -0.3231637602494907,
      1.0,
      -0.23742316263291866,
      -0.0685578081000476,
      -0.2109912432673103
    ],
    [
      -0.17097849632542592,
      -0.06820402136094933,
      0.13406589290836968,
      -0.1950557076378427,
      -0.027954050287341933,
      0.36154284420929456,
      -0.23742316263291866,
      0.9999999999999998,
      0.3229243275398351,
      0.8961860690577387
    ],
    [
      -0.2108580363983643,
      0.3089380319807015,
      -0.0656753787073239,
      -0.07466941139749163,
      -0.13187185291259326,
      0.23829939994014462,
      -0.0685578081000476,
      0.3229243275398351,
      1.0,
      0.42072539376067747
    ],
    [
      -0.29119774412141336,
      -0.0074618842479622265,
      -0.023882020570571344,
      -0.23309950963394208,
      -0.14260697626298377,
      0.4603429829470248,
      -0.21099124326731034,
      0.8961860690577386,
      0.4207253937606774,
      1.0
    ]
  ],
  "mutual_information": [
    [
      0.0,
      0.7467788907959986,
      0.3099877060807893,
      0.3418502814372598,
      0.4054444892886999,
      0.4993713500000983,
      0.570131885422053,
      0.27869060899068454,
      0.27219933142504626,
      0.36517316829496116
    ],
    [
      0.7467788907959986,
      0.0,
      0.4281470758633533,
      0.36008784003653327,
      0.457745286239154,
      0.4345440751404356,
      0.7747733431726662,
      0.4324774566124754,
      0.42119958070922187,
      0.47477849321951604
    ],
    [
      0.3099877060807893,
      0.4281470758633533,
      0.0,
      0.30646316922129024,
      0.9111482641353678,
      0.27573727587888996,
      0.42687411952839005,
      0.3755275689711008,
      0.27975597196460655,
      0.3557001963201009
    ],
    [
      0.3418502814372598,
      0.36008784003653327,
      0.30646316922129024,
      0.0,
      0.42547438017684186,
      0.3389738637848682,
      0.48768847283802436,
      0.30799020424519813,
      0.2728182666166936,
      0.395838115417952
    ],
    [
      0.4054444892886999,
      0.457745286239154,
      0.9111482641353678,
      0.42547438017684186,
      0.0,
      0.3623725999197884,
      0.46895032577292783,
      0.327558076551983,
      0.2776931654925746,
      0.46627958152386817
    ],
    [
      0.4993713500000983,
      0.4345440751404356,
      0.27573727587888996,
      0.3389738637848682,
      0.3623725999197884,
      0.0,
      0.7714140306507471,
      0.3297274693231434,
      0.33906612211597126,
      0.4529181082480304
    ],
    [
      0.570131885422053,
      0.7747733431726662,
      0.42687411952839005,
      0.48768847283802436,
      0.46895032577292783,
      0.7714140306507471,
      0.0,
      0.4525260611604839,
      0.39232409705279586,
      0.5022742796041543
    ],
    [
      0.27869060899068454,
      0.4324774566124754,
      0.3755275689711008,
      0.30799020424519813,
      0.327558076551983,
      0.3297274693231434,
      0.4525260611604839,
      0.0,
      0.34354301755429234,
      0.9999999998772919
    ],
    [
      0.27219933142504626,
      0.42119958070922187,
      0.27975597196460655,
      0.2728182666166936,
      0.2776931654925746,
      0.33906612211597126,
      0.39232409705279586,
      0.34354301755429234,
      0.0,
      0.466532206558845
    ],
    [
      0.36517316829496116,
      0.47477849321951604,
      0.3557001963201009,
      0.395838115417952,
      0.46627958152386817,
      0.4529181082480304,
      0.5022742796041543,
      0.9999999998772919,
      0.466532206558845,
      0.0
    ]
  ],
  "network": {
    "global_metrics": {
      "n_nodes": 10,
      "n_edges": 11,
      "density": 0.24444444444444444,
      "is_connected": true,
      "diameter": 6,
      "average_path_length": 2.7777777777777777,
      "global_efficiency": 0.5018518518518519,
      "avg_clustering": 0.16666666666666666,
      "transitivity": 0.3333333333333333,
      "assortativity": 0.1619047619047616,
      "small_worldness": 0.0,
      "modularity": 0.43743824235711815
    },
    "nodal_metrics": {
      "LT_TA": {
        "degree": 1,
        "degree_centrality": 0.1111111111111111,
        "betweenness_centrality": 0.0,
        "closeness_centrality": 0.3,
        "eigenvector_centrality": 0.1481140548207059,
        "pagerank": 0.047437808635524936,
        "clustering": 0
      },
      "LT_GL": {
        "degree": 1,
        "degree_centrality": 0.1111111111111111,
        "betweenness_centrality": 0.0,
        "closeness_centrality": 0.3,
        "eigenvector_centrality": 0.1481140548207059,
        "pagerank": 0.035720619798525796,
        "clustering": 0
      },
      "LT_RF": {
        "degree": 2,
        "degree_centrality": 0.2222222222222222,
        "betweenness_centrality": 0.5,
        "closeness_centrality": 0.47368421052631576,
        "eigenvector_centrality": 0.22705581139781367,
        "pagerank": 0.11778715972096626,
        "clustering": 0
      },
      "LT_HAM": {
        "degree": 2,
        "degree_centrality": 0.2222222222222222,
        "betweenness_centrality": 0.2222222222222222,
        "closeness_centrality": 0.3103448275862069,
        "eigenvector_centrality": 0.03771915928513844,
        "pagerank": 0.08712780984325254,
        "clustering": 0
      },
      "LT_VL": {
        "degree": 2,
        "degree_centrality": 0.2222222222222222,
        "betweenness_centrality": 0.38888888888888884,
        "closeness_centrality": 0.391304347826087,
        "eigenvector_centrality": 0.09349585165506182,
        "pagerank": 0.1266123866438575,
        "clustering": 0
      },
      "RT_TA": {
        "degree": 3,
        "degree_centrality": 0.3333333333333333,
        "betweenness_centrality": 0.2222222222222222,
        "closeness_centrality": 0.4090909090909091,
        "eigenvector_centrality": 0.41945852354269086,
        "pagerank": 0.09819158488513237,
        "clustering": 0.3333333333333333
      },
      "RT_GL": {
        "degree": 1,
        "degree_centrality": 0.1111111111111111,
        "betweenness_centrality": 0.0,
        "closeness_centrality": 0.24324324324324326,
        "eigenvector_centrality": 0.013319945447811843,
        "pagerank": 0.059806827471673665,
        "clustering": 0
      },
      "RT_RF": {
        "degree": 4,
        "degree_centrality": 0.4444444444444444,
        "betweenness_centrality": 0.611111111111111,
        "closeness_centrality": 0.5294117647058824,
        "eigenvector_centrality": 0.549521718127532,
        "pagerank": 0.16562352170523617,
        "clustering": 0.3333333333333333
      },
      "RT_HAM": {
        "degree": 3,
        "degree_centrality": 0.3333333333333333,
        "betweenness_centrality": 0.2222222222222222,
        "closeness_centrality": 0.4090909090909091,
        "eigenvector_centrality": 0.41945852354269086,
        "pagerank": 0.08896255678716723,
        "clustering": 0.3333333333333333
      },
      "RT_VL": {
        "degree": 3,
        "degree_centrality": 0.3333333333333333,
        "betweenness_centrality": 0.05555555555555555,
        "closeness_centrality": 0.42857142857142855,
        "eigenvector_centrality": 0.49026876017133647,
        "pagerank": 0.17272972450866342,
        "clustering": 0.6666666666666666
      }
    },
    "communities": {
      "LT_TA": 0,
      "LT_GL": 1,
      "LT_RF": 2,
      "LT_HAM": 3,
      "LT_VL": 2,
      "RT_TA": 0,
      "RT_GL": 3,
      "RT_RF": 1,
      "RT_HAM": 1,
      "RT_VL": 1
    }
  },
  "analysis_time": 131.10493230819702
}