{
  "subject_id": "S8",
  "data_info": {
    "duration": 253.8305,
    "sampling_rate": 2000
  },
  "quality_metrics": {
    "channel_0": {
      "snr_db": -66.72177608468668,
      "rms": 0.28675710266728044,
      "peak_to_peak": 1.0117580630361447
    },
    "channel_1": {
      "snr_db": -66.42478931059091,
      "rms": 0.23626405667314157,
      "peak_to_peak": 1.0496796025660464
    },
    "channel_2": {
      "snr_db": -66.79242879135393,
      "rms": 0.22197667635047835,
      "peak_to_peak": 1.0346386061080535
    },
    "channel_3": {
      "snr_db": -66.41194690023664,
      "rms": 0.18017990361756,
      "peak_to_peak": 0.9909900820146759
    },
    "channel_4": {
      "snr_db": -65.64738746573506,
      "rms": 0.21562613552777676,
      "peak_to_peak": 1.042789149688833
    },
    "channel_5": {
      "snr_db": -66.74508584877486,
      "rms": 0.28637038811976007,
      "peak_to_peak": 1.022302633072223
    },
    "channel_6": {
      "snr_db": -65.92072496408328,
      "rms": 0.27920947203735114,
      "peak_to_peak": 1.0266484451833628
    },
    "channel_7": {
      "snr_db": -67.9135378426781,
      "rms": 0.21388398824848467,
      "peak_to_peak": 1.030679459498701
    },
    "channel_8": {
      "snr_db": -66.32978359169938,
      "rms": 0.19143580493612006,
      "peak_to_peak": 1.022040684491503
    },
    "channel_9": {
      "snr_db": -65.71214108792208,
      "rms": 0.2581530372902362,
      "peak_to_peak": 1.0213283782111404
    }
  },
  "n_cycles": 232,
  "coherence": {
    "delta": [
      [
        1.0,
        0.10982473875517183,
        0.08153606488430745,
        0.07507282465306503,
        0.12341854873526903,
        0.07301563903372907,
        0.15921465477739252,
        0.01679024301966351,
        0.015296842832609459,
        0.1084493289420276
      ],
      [
        0.10982473875517183,
        1.0,
        0.0001601723037549461,
        0.02219961324301263,
        0.0006097422898175887,
        0.16818352253631966,
        0.0008812296553981411,
        0.06733153242938374,
        0.050545186745954804,
        0.16248036943184255
      ],
      [
        0.08153606488430745,
        0.0001601723037549461,
        1.0,
        0.05982420420141532,
        0.6301662681027684,
        0.09063850283968886,
        0.09119840023549089,
        0.01202291804165604,
        0.027131173311996007,
        0.004665770608534412
      ],
      [
        0.07507282465306503,
        0.02219961324301263,
        0.05982420420141532,
        1.0,
        0.10519522359584223,
        0.06100523199481479,
        0.046651262688649844,
        0.056725157660379034,
        0.0013334033149893947,
        0.019179835987667093
      ],
      [
        0.12341854873526903,
        0.0006097422898175887,
        0.6301662681027684,
        0.10519522359584223,
        1.0,
        0.08614412272419263,
        0.15910689469885642,
        0.013278826913269383,
        0.017466428565392753,
        0.0018271125550788094
      ],
      [
        0.07301563903372907,
        0.16818352253631966,
        0.09063850283968886,
        0.06100523199481479,
        0.08614412272419263,
        1.0,
        0.017156889618106883,
        0.048219164835484635,
        0.038710223652489384,
        0.08632790140640936
      ],
      [
        0.15921465477739252,
        0.0008812296553981411,
        0.09119840023549089,
        0.046651262688649844,
        0.15910689469885642,
        0.017156889618106883,
        1.0,
        0.029217780674932914,
        0.005882644307783071,
        0.007690505674171518
      ],
      [
        0.01679024301966351,
        0.06733153242938374,
        0.01202291804165604,
        0.056725157660379034,
        0.013278826913269383,
        0.048219164835484635,
        0.029217780674932914,
        1.0,
        0.043311631974123174,
        0.5028371729910354
      ],
      [
        0.015296842832609459,
        0.050545186745954804,
        0.027131173311996007,
        0.0013334033149893947,
        0.017466428565392753,
        0.038710223652489384,
        0.005882644307783071,
        0.043311631974123174,
        1.0,
        0.14565089603294373
      ],
      [
        0.1084493289420276,
        0.16248036943184255,
        0.004665770608534412,
        0.019179835987667093,
        0.0018271125550788094,
        0.08632790140640936,
        0.007690505674171518,
        0.5028371729910354,
        0.14565089603294373,
        1.0
      ]
    ],
    "theta": [
      [
        1.0,
        0.1218025437564687,
        0.07892631830497164,
        0.06290439559721776,
        0.16788642272511883,
        0.051604615686957706,
        0.2703845239028813,
        0.028165508796387493,
        0.02702100920691689,
        0.08021145457307674
      ],
      [
        0.1218025437564687,
        1.0,
        0.000153735515552659,
        0.02737950118720535,
        0.0018293356606385776,
        0.3329542508438201,
        0.000599269672131497,
        0.034334376891952186,
        0.07028072353252286,
        0.11487104550680954
      ],
      [
        0.07892631830497164,
        0.000153735515552659,
        1.0,
        0.09583942103404816,
        0.5552815628667396,
        0.08948521210958925,
        0.05492433052863377,
        0.04523542188105088,
        0.03005450259727111,
        0.022753786949932943
      ],
      [
        0.06290439559721776,
        0.02737950118720535,
        0.09583942103404816,
        1.0,
        0.14463122876079848,
        0.038295211978291256,
        0.04894221147579814,
        0.09690104764935153,
        0.007202401211588549,
        0.04122171411585903
      ],
      [
        0.16788642272511883,
        0.0018293356606385776,
        0.5552815628667396,
        0.14463122876079848,
        1.0,
        0.07891876493793189,
        0.1128183818124792,
        0.041046724611943336,
        0.018388478823089235,
        0.008092706922503736
      ],
      [
        0.051604615686957706,
        0.3329542508438201,
        0.08948521210958925,
        0.038295211978291256,
        0.07891876493793189,
        1.0,
        0.024671219195246508,
        0.08619684639137376,
        0.03721330678043433,
        0.15729186672903595
      ],
      [
        0.2703845239028813,
        0.000599269672131497,
        0.05492433052863377,
        0.04894221147579814,
        0.1128183818124792,
        0.024671219195246508,
        1.0,
        0.07985036869426626,
        0.009118771955211243,
        0.028721265075220926
      ],
      [
        0.028165508796387493,
        0.034334376891952186,
        0.04523542188105088,
        0.09690104764935153,
        0.041046724611943336,
        0.08619684639137376,
        0.07985036869426626,
        1.0,
        0.050944673436128754,
        0.480648196110482
      ],
      [
        0.02702100920691689,
        0.07028072353252286,
        0.03005450259727111,
        0.007202401211588549,
        0.018388478823089235,
        0.03721330678043433,
        0.009118771955211243,
        0.050944673436128754,
        1.0,
        0.1706302408340347
      ],
      [
        0.08021145457307674,
        0.11487104550680954,
        0.022753786949932943,
        0.04122171411585903,
        0.008092706922503736,
        0.15729186672903595,
        0.028721265075220926,
        0.480648196110482,
        0.1706302408340347,
        1.0
      ]
    ],
    "alpha": [
      [
        1.0,
        0.06532850826045174,
        0.13747063539655402,
        0.11625439105055703,
        0.16929565838895858,
        0.19491117476526987,
        0.08170938600026557,
        0.06970208138399057,
        0.013504108227578393,
        0.05335417938203944
      ],
      [
        0.06532850826045174,
        1.0,
        0.0173206464761918,
        0.032595483905029816,
        0.01307669144803557,
        0.10954173634431028,
        0.04039248205135873,
        0.029143758455063836,
        0.06248759960566656,
        0.057217390474698
      ],
      [
        0.13747063539655402,
        0.0173206464761918,
        1.0,
        0.12043719534792775,
        0.5958497224256895,
        0.0639399662178029,
        0.05576766610111966,
        0.007152375394504888,
        0.01543634126258515,
        0.00019320366888327998
      ],
      [
        0.11625439105055703,
        0.032595483905029816,
        0.12043719534792775,
        1.0,
        0.19378050809736133,
        0.057935044560864624,
        0.061204430821080735,
        0.03094767912807278,
        0.00018819914468888962,
        0.008288338606249376
      ],
      [
        0.16929565838895858,
        0.01307669144803557,
        0.5958497224256895,
        0.19378050809736133,
        1.0,
        0.08221970417598036,
        0.07485802728955838,
        0.010109728751755347,
        0.0035764507386629057,
        7.906790052647105e-05
      ],
      [
        0.19491117476526987,
        0.10954173634431028,
        0.0639399662178029,
        0.057935044560864624,
        0.08221970417598036,
        1.0,
        0.03708619089985818,
        0.03177621610959179,
        0.06392063875342989,
        0.09454057739168842
      ],
      [
        0.08170938600026557,
        0.04039248205135873,
        0.05576766610111966,
        0.061204430821080735,
        0.07485802728955838,
        0.03708619089985818,
        1.0,
        0.07741696044443279,
        0.023172640218635583,
        0.015716888543491996
      ],
      [
        0.06970208138399057,
        0.029143758455063836,
        0.007152375394504888,
        0.03094767912807278,
        0.010109728751755347,
        0.03177621610959179,
        0.07741696044443279,
        1.0,
        0.07937172288525189,
        0.45838900735330107
      ],
      [
        0.013504108227578393,
        0.06248759960566656,
        0.01543634126258515,
        0.00018819914468888962,
        0.0035764507386629057,
        0.06392063875342989,
        0.023172640218635583,
        0.07937172288525189,
        1.0,
        0.24257681909637607
      ],
      [
        0.05335417938203944,
        0.057217390474698,
        0.00019320366888327998,
        0.008288338606249376,
        7.906790052647105e-05,
        0.09454057739168842,
        0.015716888543491996,
        0.45838900735330107,
        0.24257681909637607,
        1.0
      ]
    ],
    "beta": [
      [
        1.0,
        0.02138539323535365,
        0.19130628956001067,
        0.15358997177685757,
        0.19886405520588157,
        0.24057572559723028,
        0.05558988824380229,
        0.021323146774624983,
        0.019522990151951518,
        0.04064024736049318
      ],
      [
        0.02138539323535365,
        1.0,
        0.01035389794635215,
        0.017189309222039536,
        0.005829145809255434,
        0.04859449452203933,
        0.03930863444313969,
        0.07057340599906695,
        0.13705409571047522,
        0.07213442617601717
      ],
      [
        0.19130628956001067,
        0.01035389794635215,
        1.0,
        0.16078823652801832,
        0.7358284659829031,
        0.04447615211469438,
        0.08759159396925811,
        0.05522314964681249,
        0.010539500053294315,
        0.006575706537813967
      ],
      [
        0.15358997177685757,
        0.017189309222039536,
        0.16078823652801832,
        1.0,
        0.23745955537146063,
        0.08544219530186783,
        0.08548143883390433,
        0.0464120034949216,
        0.005504506672410044,
        0.0027944294738326534
      ],
      [
        0.19886405520588157,
        0.005829145809255434,
        0.7358284659829031,
        0.23745955537146063,
        1.0,
        0.05755440735419471,
        0.09344200962737637,
        0.032149712036545944,
        0.000380967733852712,
        8.491949775044666e-05
      ],
      [
        0.24057572559723028,
        0.04859449452203933,
        0.04447615211469438,
        0.08544219530186783,
        0.05755440735419471,
        1.0,
        0.0974047568027328,
        0.0440647836317139,
        0.09021170206839094,
        0.11514640576301062
      ],
      [
        0.05558988824380229,
        0.03930863444313969,
        0.08759159396925811,
        0.08548143883390433,
        0.09344200962737637,
        0.0974047568027328,
        1.0,
        0.034280828982938195,
        0.008139309832806965,
        0.006982094351363703
      ],
      [
        0.021323146774624983,
        0.07057340599906695,
        0.05522314964681249,
        0.0464120034949216,
        0.032149712036545944,
        0.0440647836317139,
        0.034280828982938195,
        1.0,
        0.08632281993311108,
        0.5609426046091542
      ],
      [
        0.019522990151951518,
        0.13705409571047522,
        0.010539500053294315,
        0.005504506672410044,
        0.000380967733852712,
        0.09021170206839094,
        0.008139309832806965,
        0.08632281993311108,
        1.0,
        0.2922067138849982
      ],
      [
        0.04064024736049318,
        0.07213442617601717,
        0.006575706537813967,
        0.0027944294738326534,
        8.491949775044666e-05,
        0.11514640576301062,
        0.006982094351363703,
        0.5609426046091542,
        0.2922067138849982,
        1.0
      ]
    ],
    "gamma": [
      [
        1.0,
        0.005237720328857341,
        0.19218734348876929,
        0.1592759899313287,
        0.19363603824088843,
        0.22045734371407644,
        0.01781088823109247,
        0.006981726991765545,
        0.02118902296477624,
        0.029415664414056308
      ],
      [
        0.005237720328857341,
        1.0,
        0.004863406888722452,
        0.012124324169164704,
        0.0017257159144812094,
        0.014121567609034252,
        0.03973994703483898,
        0.05651438366899023,
        0.1254764591637448,
        0.028005161856249416
      ],
      [
        0.19218734348876929,
        0.004863406888722452,
        1.0,
        0.15639142425084412,
        0.7518512422318129,
        0.01608736010286279,
        0.06043489195814274,
        0.0645688023977061,
        0.008960218864966887,
        0.006748762298553396
      ],
      [
        0.1592759899313287,
        0.012124324169164704,
        0.15639142425084412,
        1.0,
        0.23041719000892585,
        0.08013648347857671,
        0.05354161376218651,
        0.045288201655115067,
        0.005859615034039159,
        0.0009698905377107166
      ],
      [
        0.19363603824088843,
        0.0017257159144812094,
        0.7518512422318129,
        0.23041719000892585,
        1.0,
        0.02271966266090035,
        0.060867521555695615,
        0.03450399166240782,
        1.6846652038863543e-05,
        0.0002127388727323751
      ],
      [
        0.22045734371407644,
        0.014121567609034252,
        0.01608736010286279,
        0.08013648347857671,
        0.02271966266090035,
        1.0,
        0.1187473717865704,
        0.04441524841745417,
        0.09394727231543358,
        0.1127258485946884
      ],
      [
        0.01781088823109247,
        0.03973994703483898,
        0.06043489195814274,
        0.05354161376218651,
        0.060867521555695615,
        0.1187473717865704,
        1.0,
        0.010817244152746925,
        0.003826908903030686,
        0.0034205917288268155
      ],
      [
        0.006981726991765545,
        0.05651438366899023,
        0.0645688023977061,
        0.045288201655115067,
        0.03450399166240782,
        0.04441524841745417,
        0.010817244152746925,
        1.0,
        0.06440041833341045,
        0.5666659621709913
      ],
      [
        0.02118902296477624,
        0.1254764591637448,
        0.008960218864966887,
        0.005859615034039159,
        1.6846652038863543e-05,
        0.09394727231543358,
        0.003826908903030686,
        0.06440041833341045,
        1.0,
        0.2861240538425629
      ],
      [
        0.029415664414056308,
        0.028005161856249416,
        0.006748762298553396,
        0.0009698905377107166,
        0.0002127388727323751,
        0.1127258485946884,
        0.0034205917288268155,
        0.5666659621709913,
        0.2861240538425629,
        1.0
      ]
    ],
    "full": [
      [
        1.0,
        0.03988543877792042,
        0.16197161224261766,
        0.1338495594398445,
        0.18058889158558336,
        0.18901051457530682,
        0.07553363181450795,
        0.01935763832900252,
        0.019627375271646267,
        0.050777200257801976
      ],
      [
        0.03988543877792042,
        1.0,
        0.006425180986790401,
        0.017981005331710934,
        0.003697744192133624,
        0.08029606526108449,
        0.030668344921618466,
        0.058692826349769425,
        0.10841979809928647,
        0.07120097606388527
      ],
      [
        0.16197161224261766,
        0.006425180986790401,
        1.0,
        0.13546423785777698,
        0.7010795305068188,
        0.04561873792152779,
        0.07274074098219088,
        0.04770540337958833,
        0.01436248346322,
        0.007101936113839067
      ],
      [
        0.1338495594398445,
        0.017981005331710934,
        0.13546423785777698,
        1.0,
        0.203902027352332,
        0.07389937839454926,
        0.0625448455246714,
        0.05026062033488032,
        0.004721039142007092,
        0.007992068867794369
      ],
      [
        0.18058889158558336,
        0.003697744192133624,
        0.7010795305068188,
        0.203902027352332,
        1.0,
        0.0520955890218137,
        0.0910766034452103,
        0.02914099335757387,
        0.004500453145241756,
        0.001017644022142422
      ],
      [
        0.18901051457530682,
        0.08029606526108449,
        0.04561873792152779,
        0.07389937839454926,
        0.0520955890218137,
        1.0,
        0.0830328519596232,
        0.04713436682969702,
        0.07762596636073651,
        0.11143870099684827
      ],
      [
        0.07553363181450795,
        0.030668344921618466,
        0.07274074098219088,
        0.0625448455246714,
        0.0910766034452103,
        0.0830328519596232,
        1.0,
        0.031300955937234795,
        0.007365268048907249,
        0.008065423155126527
      ],
      [
        0.01935763832900252,
        0.058692826349769425,
        0.04770540337958833,
        0.05026062033488032,
        0.02914099335757387,
        0.04713436682969702,
        0.031300955937234795,
        1.0,
        0.0680179255130095,
        0.5401393675951867
      ],
      [
        0.019627375271646267,
        0.10841979809928647,
        0.01436248346322,
        0.004721039142007092,
        0.004500453145241756,
        0.07762596636073651,
        0.007365268048907249,
        0.0680179255130095,
        1.0,
        0.25415045974993117
      ],
      [
        0.050777200257801976,
        0.07120097606388527,
        0.007101936113839067,
        0.007992068867794369,
        0.001017644022142422,
        0.11143870099684827,
        0.008065423155126527,
        0.5401393675951867,
        0.25415045974993117,
        1.0
      ]
    ]
  },
  "correlation": [
    [
      1.0,
      0.06624915790605637,
      0.4106961170134578,
      0.4035598400197418,
      0.4207917963840141,
      -0.2149437882827826,
      0.10469802073941815,
      0.11298969070951352,
      -0.061774654120818784,
      -0.12677373073322834
    ],
    [
      0.06624915790605639,
      0.9999999999999999,
      0.007174209297535375,
      0.05641938331241361,
      0.04449512469446586,
      0.15754533852835223,
      -0.2565476617843856,
      -0.1414893096024732,
      0.2749109233738976,
      -0.032623287613750857
    ],
    [
      0.4106961170134578,
      0.007174209297535375,
      0.9999999999999998,
      0.4862938831446107,
      0.8540434255432606,
      0.028968017712907714,
      -0.05680668396264743,
      0.3243558625674503,
      0.1832813828920757,
      0.047755597960563244
    ],
    [
      0.4035598400197419,
      0.05641938331241361,
      0.48629388314461075,
      0.9999999999999999,
      0.5501487353854541,
      -0.11588238428758706,
      0.18151482880664524,
      0.28981769881144503,
      0.061706366420874265,
      -0.01119933365779826
    ],
    [
      0.4207917963840141,
      0.04449512469446585,
      0.8540434255432607,
      0.5501487353854541,
      1.0,
      -0.01035388600399831,
      -0.09650237058631253,
      0.18320554871080252,
      0.056321020269305126,
      -0.10005341906731152
    ],
    [
      -0.2149437882827826,
      0.1575453385283522,
      0.02896801771290771,
      -0.11588238428758707,
      -0.010353886003998312,
      0.9999999999999999,
      -0.20792681023707962,
      0.284712244686464,
      0.35855927935721266,
      0.34203306258763516
    ],
    [
      0.10469802073941817,
      -0.2565476617843856,
      -0.05680668396264743,
      0.18151482880664524,
      -0.09650237058631254,
      -0.2079268102370796,
      1.0,
      0.08059326183074103,
      0.06829661169483746,
      0.023900754137191085
    ],
    [
      0.11298969070951351,
      -0.1414893096024732,
      0.3243558625674503,
      0.2898176988114451,
      0.18320554871080252,
      0.284712244686464,
      0.08059326183074103,
      1.0,
      0.3401196284516361,
      0.7226151936291874
    ],
    [
      -0.06177465412081878,
      0.27491092337389766,
      0.1832813828920757,
      0.061706366420874265,
      0.05632102026930513,
      0.3585592793572127,
      0.06829661169483746,
      0.3401196284516361,
      0.9999999999999999,
      0.5710112091914105
    ],
    [
      -0.12677373073322834,
      -0.032623287613750857,
      0.047755597960563244,
      -0.011199333657798263,
      -0.10005341906731152,
      0.34203306258763516,
      0.023900754137191088,
      0.7226151936291872,
      0.5710112091914104,
      0.9999999999999999
    ]
  ],
  "mutual_information": [
    [
      0.0,
      0.487024240640974,
      0.3069396358310448,
      0.3473660720441341,
      0.34319102249032984,
      0.3238312403253541,
      0.28105701753636775,
      0.2990835188255709,
      0.28358697159042096,
      0.37155587192903566
    ],
    [
      0.487024240640974,
      0.0,
      0.360671023848123,
      0.3547085607872903,
      0.44349728887273576,
      0.34830608985335965,
      0.4343611196168966,
      0.37199474098252394,
      0.4496580195351973,
      0.48157121655761537
    ],
    [
      0.3069396358310448,
      0.360671023848123,
      0.0,
      0.4244933965424008,
      0.9999999999017929,
      0.3400188712684896,
      0.41625220740875346,
      0.29133316501495493,
      0.35965472138738297,
      0.28388421144426584
    ],
    [
      0.3473660720441341,
      0.3547085607872903,
      0.4244933965424008,
      0.0,
      0.5337211849566207,
      0.3060346140937373,
      0.40092482723766715,
      0.3307531830846283,
      0.32684245755206276,
      0.3433933332378389
    ],
    [
      0.34319102249032984,
      0.44349728887273576,
      0.9999999999017929,
      0.5337211849566207,
      0.0,
      0.3554468825754084,
      0.49154286524815893,
      0.3128805406150616,
      0.39209430470816575,
      0.37422582287612477
    ],
    [
      0.3238312403253541,
      0.34830608985335965,
      0.3400188712684896,
      0.3060346140937373,
      0.3554468825754084,
      0.0,
      0.48762381181116066,
      0.28158254775965225,
      0.3599805309516921,
      0.3203834927780007
    ],
    [
      0.28105701753636775,
      0.4343611196168966,
      0.41625220740875346,
      0.40092482723766715,
      0.49154286524815893,
      0.48762381181116066,
      0.0,
      0.2818196139070317,
      0.379793684691015,
      0.35259267175533326
    ],
    [
      0.2990835188255709,
      0.37199474098252394,
      0.29133316501495493,
      0.3307531830846283,
      0.3128805406150616,
      0.28158254775965225,
      0.2818196139070317,
      0.0,
      0.3555505511721045,
      0.8612890504106115
    ],
    [
      0.28358697159042096,
      0.4496580195351973,
      0.35965472138738297,
      0.32684245755206276,
      0.39209430470816575,
      0.3599805309516921,
      0.379793684691015,
      0.3555505511721045,
      0.0,
      0.5039448952852733
    ],
    [
      0.37155587192903566,
      0.48157121655761537,
      0.28388421144426584,
      0.3433933332378389,
      0.37422582287612477,
      0.3203834927780007,
      0.35259267175533326,
      0.8612890504106115,
      0.5039448952852733,
      0.0
    ]
  ],
  "network": {
    "global_metrics": {
      "n_nodes": 10,
      "n_edges": 11,
      "density": 0.24444444444444444,
      "is_connected": false,
      "diameter": 5,
      "average_path_length": 2.5277777777777777,
      "global_efficiency": 0.5467592592592592,
      "largest_component_size": 9,
      "avg_clustering": 0.35,
      "transitivity": 0.6,
      "assortativity": 0.08333333333333408,
      "small_worldness": 0.0,
      "modularity": 0.4154359694735125
    },
    "nodal_metrics": {
      "LT_TA": {
        "degree": 4,
        "degree_centrality": 0.4444444444444444,
        "betweenness_centrality": 0.41666666666666663,
        "closeness_centrality": 0.4444444444444444,
        "eigenvector_centrality": 0.5235606592629651,
        "pagerank": 0.10979879390823376,
        "clustering": 0.5
      },
      "LT_GL": {
        "degree": 1,
        "degree_centrality": 0.1111111111111111,
        "betweenness_centrality": 0.0,
        "closeness_centrality": 0.25396825396825395,
        "eigenvector_centrality": 0.009367922810722235,
        "pagerank": 0.04080574344515307,
        "clustering": 0
      },
      "LT_RF": {
        "degree": 3,
        "degree_centrality": 0.3333333333333333,
        "betweenness_centrality": 0.0,
        "closeness_centrality": 0.3386243386243386,
        "eigenvector_centrality": 0.4760193371323886,
        "pagerank": 0.1426816937464142,
        "clustering": 1.0
      },
      "LT_HAM": {
        "degree": 3,
        "degree_centrality": 0.3333333333333333,
        "betweenness_centrality": 0.0,
        "closeness_centrality": 0.3386243386243386,
        "eigenvector_centrality": 0.4760193371323886,
        "pagerank": 0.07634008268824066,
        "clustering": 1.0
      },
      "LT_VL": {
        "degree": 3,
        "degree_centrality": 0.3333333333333333,
        "betweenness_centrality": 0.0,
        "closeness_centrality": 0.3386243386243386,
        "eigenvector_centrality": 0.4760193371323886,
        "pagerank": 0.15483466692694578,
        "clustering": 1.0
      },
      "RT_TA": {
        "degree": 2,
        "degree_centrality": 0.2222222222222222,
        "betweenness_centrality": 0.4444444444444444,
        "closeness_centrality": 0.47407407407407404,
        "eigenvector_centrality": 0.19491216236898906,
        "pagerank": 0.06261923075523455,
        "clustering": 0
      },
      "RT_GL": {
        "degree": 0,
        "degree_centrality": 0.0,
        "betweenness_centrality": 0.0,
        "closeness_centrality": 0.0,
        "eigenvector_centrality": 1.0745355065285308e-20,
        "pagerank": 0.016393442622950824,
        "clustering": 0
      },
      "RT_RF": {
        "degree": 1,
        "degree_centrality": 0.1111111111111111,
        "betweenness_centrality": 0.0,
        "closeness_centrality": 0.30917874396135264,
        "eigenvector_centrality": 0.026014554485244302,
        "pagerank": 0.11195672812566455,
        "clustering": 0
      },
      "RT_HAM": {
        "degree": 2,
        "degree_centrality": 0.2222222222222222,
        "betweenness_centrality": 0.19444444444444442,
        "closeness_centrality": 0.3386243386243386,
        "eigenvector_centrality": 0.02903699999450037,
        "pagerank": 0.09604309564589712,
        "clustering": 0
      },
      "RT_VL": {
        "degree": 3,
        "degree_centrality": 0.3333333333333333,
        "betweenness_centrality": 0.4722222222222222,
        "closeness_centrality": 0.4444444444444444,
        "eigenvector_centrality": 0.0806386673337567,
        "pagerank": 0.18852652213526577,
        "clustering": 0
      }
    },
    "communities": {
      "LT_TA": 1,
      "LT_GL": 0,
      "LT_RF": 1,
      "LT_HAM": 1,
      "LT_VL": 1,
      "RT_TA": 1,
      "RT_GL": 2,
      "RT_RF": 0,
      "RT_HAM": 0,
      "RT_VL": 0
    }
  },
  "analysis_time": 99.65825366973877
}