{
  "subject_id": "S2",
  "data_info": {
    "duration": 317.3505,
    "sampling_rate": 2000
  },
  "quality_metrics": {
    "channel_0": {
      "snr_db": -65.69436677073169,
      "rms": 0.28946261847891563,
      "peak_to_peak": 1.0353253852773239
    },
    "channel_1": {
      "snr_db": -66.1051344162734,
      "rms": 0.17736225636140537,
      "peak_to_peak": 1.0466009814068828
    },
    "channel_2": {
      "snr_db": -66.77907566612126,
      "rms": 0.22622414310961528,
      "peak_to_peak": 1.0480238672906288
    },
    "channel_3": {
      "snr_db": -65.34142433063651,
      "rms": 0.2907731284550658,
      "peak_to_peak": 0.9814152291948106
    },
    "channel_4": {
      "snr_db": -66.18419518510531,
      "rms": 0.20234748019105192,
      "peak_to_peak": 1.023315846266225
    },
    "channel_5": {
      "snr_db": -64.99224933575766,
      "rms": 0.33991081542804413,
      "peak_to_peak": 1.0531159306229552
    },
    "channel_6": {
      "snr_db": -65.48221133386919,
      "rms": 0.20610932246730615,
      "peak_to_peak": 1.0510977608680336
    },
    "channel_7": {
      "snr_db": -67.07970461961297,
      "rms": 0.15125952142170745,
      "peak_to_peak": 1.0389002673754955
    },
    "channel_8": {
      "snr_db": -65.40629762608778,
      "rms": 0.1658241610884162,
      "peak_to_peak": 1.0312219765233375
    },
    "channel_9": {
      "snr_db": -66.58317641244315,
      "rms": 0.20700864791391993,
      "peak_to_peak": 1.080030409424077
    }
  },
  "n_cycles": 244,
  "coherence": {
    "delta": [
      [
        1.0,
        0.010992244073931769,
        0.054020637178386455,
        0.03454827191105985,
        0.09869215556699729,
        0.06143741470366494,
        0.10606795424796611,
        0.1039710123976301,
        0.010523194018590367,
        0.11243102948080966
      ],
      [
        0.010992244073931769,
        1.0,
        0.012981738755769044,
        0.033478269627102694,
        0.02236734614802435,
        0.1238669503794334,
        0.008271001260553796,
        0.04000385846862149,
        0.032146094768879696,
        0.16443276100053283
      ],
      [
        0.054020637178386455,
        0.012981738755769044,
        1.0,
        0.006275003520206303,
        0.6154956565400502,
        0.07593092325103652,
        0.06791743974856508,
        0.05579816172462469,
        0.0021970971890826925,
        0.00017169763049967317
      ],
      [
        0.03454827191105985,
        0.033478269627102694,
        0.006275003520206303,
        1.0,
        0.027479458470999783,
        0.019881804137511016,
        0.03599418575787167,
        0.0021863833900072835,
        0.004447858546743239,
        0.005784824002349665
      ],
      [
        0.09869215556699729,
        0.02236734614802435,
        0.6154956565400502,
        0.027479458470999783,
        1.0,
        0.1254367684907972,
        0.12632808673633605,
        0.07223956137204451,
        0.0002554236270673892,
        0.0010184516336906586
      ],
      [
        0.06143741470366494,
        0.1238669503794334,
        0.07593092325103652,
        0.019881804137511016,
        0.1254367684907972,
        1.0,
        0.017246256783975893,
        0.009888968116764686,
        0.05014354442795216,
        0.12421198774480545
      ],
      [
        0.10606795424796611,
        0.008271001260553796,
        0.06791743974856508,
        0.03599418575787167,
        0.12632808673633605,
        0.017246256783975893,
        1.0,
        0.02036657886893984,
        0.0004000654689476747,
        0.0005793861711933196
      ],
      [
        0.1039710123976301,
        0.04000385846862149,
        0.05579816172462469,
        0.0021863833900072835,
        0.07223956137204451,
        0.009888968116764686,
        0.02036657886893984,
        1.0,
        0.020525943334542763,
        0.3162983753022646
      ],
      [
        0.010523194018590367,
        0.032146094768879696,
        0.0021970971890826925,
        0.004447858546743239,
        0.0002554236270673892,
        0.05014354442795216,
        0.0004000654689476747,
        0.020525943334542763,
        1.0,
        0.05178002053082935
      ],
      [
        0.11243102948080966,
        0.16443276100053283,
        0.00017169763049967317,
        0.005784824002349665,
        0.0010184516336906586,
        0.12421198774480545,
        0.0005793861711933196,
        0.3162983753022646,
        0.05178002053082935,
        1.0
      ]
    ],
    "theta": [
      [
        1.0,
        0.002218919944459387,
        0.10937096771447335,
        0.024329478368220952,
        0.19004982446024818,
        0.011629563918002343,
        0.1487775039924744,
        0.14509910301897383,
        0.009724679376376364,
        0.08543413437458086
      ],
      [
        0.002218919944459387,
        1.0,
        0.022005522718623886,
        0.028868424271446994,
        0.03146623644420869,
        0.2103045276973494,
        0.010150744024876037,
        0.039032854140507944,
        0.05639673068263955,
        0.14844892213964697
      ],
      [
        0.10937096771447335,
        0.022005522718623886,
        1.0,
        0.0138915757029008,
        0.5778683890006227,
        0.06924635530739755,
        0.0684818842210661,
        0.07131390259845286,
        0.005345478492065416,
        0.0007838165888302409
      ],
      [
        0.024329478368220952,
        0.028868424271446994,
        0.0138915757029008,
        1.0,
        0.025876619602616755,
        0.015901624110640195,
        0.03757898914594227,
        0.00012592776817590577,
        0.008923104402030648,
        0.020314270495026498
      ],
      [
        0.19004982446024818,
        0.03146623644420869,
        0.5778683890006227,
        0.025876619602616755,
        1.0,
        0.10309127681738414,
        0.12590328200944587,
        0.10769095425176818,
        0.001475011158015319,
        0.002054770334902899
      ],
      [
        0.011629563918002343,
        0.2103045276973494,
        0.06924635530739755,
        0.015901624110640195,
        0.10309127681738414,
        1.0,
        0.014935076901541047,
        0.04248280514247152,
        0.04819833180175413,
        0.2359333766101768
      ],
      [
        0.1487775039924744,
        0.010150744024876037,
        0.0684818842210661,
        0.03757898914594227,
        0.12590328200944587,
        0.014935076901541047,
        1.0,
        0.02685279151722337,
        0.0006900290824178635,
        0.0026186333388875283
      ],
      [
        0.14509910301897383,
        0.039032854140507944,
        0.07131390259845286,
        0.00012592776817590577,
        0.10769095425176818,
        0.04248280514247152,
        0.02685279151722337,
        1.0,
        0.025938732947626827,
        0.3076938507587807
      ],
      [
        0.009724679376376364,
        0.05639673068263955,
        0.005345478492065416,
        0.008923104402030648,
        0.001475011158015319,
        0.04819833180175413,
        0.0006900290824178635,
        0.025938732947626827,
        1.0,
        0.06229801339480937
      ],
      [
        0.08543413437458086,
        0.14844892213964697,
        0.0007838165888302409,
        0.020314270495026498,
        0.002054770334902899,
        0.2359333766101768,
        0.0026186333388875283,
        0.3076938507587807,
        0.06229801339480937,
        1.0
      ]
    ],
    "alpha": [
      [
        1.0,
        0.043728856892395924,
        0.08938030875059622,
        0.06696301251393941,
        0.22389700971292334,
        0.10081513178086567,
        0.04483375767199284,
        0.030629143069842706,
        0.012682168630810281,
        0.04810604429071477
      ],
      [
        0.043728856892395924,
        1.0,
        0.022987484982662565,
        0.014321732624062954,
        0.03568979275923061,
        0.12365948197945852,
        0.03330917078095261,
        0.0019368727272437243,
        0.03067283525018118,
        0.03718799688537462
      ],
      [
        0.08938030875059622,
        0.022987484982662565,
        1.0,
        0.022886131545686212,
        0.49679910560703994,
        0.03325347569775973,
        0.035031973357459084,
        0.04844641668550299,
        6.350344665685363e-05,
        0.00026345402141924137
      ],
      [
        0.06696301251393941,
        0.014321732624062954,
        0.022886131545686212,
        1.0,
        0.09564280653669774,
        0.008699480523999015,
        0.044123221512233766,
        0.017609663043413753,
        0.0030910773793991317,
        0.006383421613693245
      ],
      [
        0.22389700971292334,
        0.03568979275923061,
        0.49679910560703994,
        0.09564280653669774,
        1.0,
        0.049305821421331504,
        0.055569366106996636,
        0.06371506593297147,
        0.002035524933459429,
        7.225883053812288e-05
      ],
      [
        0.10081513178086567,
        0.12365948197945852,
        0.03325347569775973,
        0.008699480523999015,
        0.049305821421331504,
        1.0,
        0.021695470556057923,
        0.02179077459606219,
        0.039997329343897464,
        0.15532148069257304
      ],
      [
        0.04483375767199284,
        0.03330917078095261,
        0.035031973357459084,
        0.044123221512233766,
        0.055569366106996636,
        0.021695470556057923,
        1.0,
        0.010121603599122668,
        0.0011269506227723086,
        0.002771580668770904
      ],
      [
        0.030629143069842706,
        0.0019368727272437243,
        0.04844641668550299,
        0.017609663043413753,
        0.06371506593297147,
        0.02179077459606219,
        0.010121603599122668,
        1.0,
        0.011081760622207708,
        0.2336893891663409
      ],
      [
        0.012682168630810281,
        0.03067283525018118,
        6.350344665685363e-05,
        0.0030910773793991317,
        0.002035524933459429,
        0.039997329343897464,
        0.0011269506227723086,
        0.011081760622207708,
        1.0,
        0.05128165371921862
      ],
      [
        0.04810604429071477,
        0.03718799688537462,
        0.00026345402141924137,
        0.006383421613693245,
        7.225883053812288e-05,
        0.15532148069257304,
        0.002771580668770904,
        0.2336893891663409,
        0.05128165371921862,
        1.0
      ]
    ],
    "beta": [
      [
        1.0,
        0.045265191309156357,
        0.11413730320333021,
        0.108244662995253,
        0.21745701453312505,
        0.29446040540507434,
        0.03786595576421501,
        0.0078583476132609,
        0.022554695806057602,
        0.0642477224628713
      ],
      [
        0.045265191309156357,
        1.0,
        0.024428555008329703,
        0.01699369569955614,
        0.03725416211061818,
        0.12816376887612768,
        0.06582787944289432,
        0.014354601942849425,
        0.01786182566888189,
        0.05390397481988325
      ],
      [
        0.11413730320333021,
        0.024428555008329703,
        1.0,
        0.08486640715089824,
        0.5855571279802041,
        0.037254907445166574,
        0.050948068666510055,
        0.044294920101858884,
        0.0005430911051070712,
        0.0003071125120149023
      ],
      [
        0.108244662995253,
        0.01699369569955614,
        0.08486640715089824,
        1.0,
        0.268696024731458,
        0.01347154456386625,
        0.03897260767974751,
        0.046529530107631015,
        0.0022093888899981707,
        0.0020440568630453637
      ],
      [
        0.21745701453312505,
        0.03725416211061818,
        0.5855571279802041,
        0.268696024731458,
        1.0,
        0.0655747561325497,
        0.06515314936384628,
        0.054786753786083046,
        0.0029761972931333387,
        0.00042318286270484325
      ],
      [
        0.29446040540507434,
        0.12816376887612768,
        0.037254907445166574,
        0.01347154456386625,
        0.0655747561325497,
        1.0,
        0.05930980667444277,
        0.023972055904097084,
        0.04324752871693266,
        0.13986937294316829
      ],
      [
        0.03786595576421501,
        0.06582787944289432,
        0.050948068666510055,
        0.03897260767974751,
        0.06515314936384628,
        0.05930980667444277,
        1.0,
        0.028667459459378472,
        0.0018026016777404647,
        0.003076891998516805
      ],
      [
        0.0078583476132609,
        0.014354601942849425,
        0.044294920101858884,
        0.046529530107631015,
        0.054786753786083046,
        0.023972055904097084,
        0.028667459459378472,
        1.0,
        0.005589698422453302,
        0.20169052894210718
      ],
      [
        0.022554695806057602,
        0.01786182566888189,
        0.0005430911051070712,
        0.0022093888899981707,
        0.0029761972931333387,
        0.04324752871693266,
        0.0018026016777404647,
        0.005589698422453302,
        1.0,
        0.09953049998084104
      ],
      [
        0.0642477224628713,
        0.05390397481988325,
        0.0003071125120149023,
        0.0020440568630453637,
        0.00042318286270484325,
        0.13986937294316829,
        0.003076891998516805,
        0.20169052894210718,
        0.09953049998084104,
        1.0
      ]
    ],
    "gamma": [
      [
        1.0,
        0.03757189284752744,
        0.10792809943084236,
        0.11550152513935188,
        0.20456019846591741,
        0.33343293036931393,
        0.020451896834105275,
        0.004025117730241652,
        0.021497954852632933,
        0.048387294627736124
      ],
      [
        0.03757189284752744,
        1.0,
        0.02187570444384518,
        0.016317142286692794,
        0.03139021827838217,
        0.10161804039208946,
        0.07329855345390271,
        0.005987337331514811,
        0.008659979723956213,
        0.02634274235968655
      ],
      [
        0.10792809943084236,
        0.02187570444384518,
        1.0,
        0.09822642897316713,
        0.5860429141857326,
        0.023115744640118063,
        0.03876289666083406,
        0.04111099770421033,
        0.000619294496246081,
        0.0002016484968504945
      ],
      [
        0.11550152513935188,
        0.016317142286692794,
        0.09822642897316713,
        1.0,
        0.3086622144574164,
        0.008685048000338664,
        0.014817046481115967,
        0.0502286161055069,
        0.0008999529104090201,
        0.001045855115408965
      ],
      [
        0.20456019846591741,
        0.03139021827838217,
        0.5860429141857326,
        0.3086622144574164,
        1.0,
        0.042239679696055785,
        0.03862877536379757,
        0.047866109988470455,
        0.0029113831493912433,
        0.0005705561334496861
      ],
      [
        0.33343293036931393,
        0.10161804039208946,
        0.023115744640118063,
        0.008685048000338664,
        0.042239679696055785,
        1.0,
        0.07720192890792188,
        0.027558353689568476,
        0.04201511323965673,
        0.113815940956536
      ],
      [
        0.020451896834105275,
        0.07329855345390271,
        0.03876289666083406,
        0.014817046481115967,
        0.03862877536379757,
        0.07720192890792188,
        1.0,
        0.032143734710176015,
        0.0018083948128410107,
        0.0010583021145461166
      ],
      [
        0.004025117730241652,
        0.005987337331514811,
        0.04111099770421033,
        0.0502286161055069,
        0.047866109988470455,
        0.027558353689568476,
        0.032143734710176015,
        1.0,
        0.0017858854012633419,
        0.1858415661468573
      ],
      [
        0.021497954852632933,
        0.008659979723956213,
        0.000619294496246081,
        0.0008999529104090201,
        0.0029113831493912433,
        0.04201511323965673,
        0.0018083948128410107,
        0.0017858854012633419,
        1.0,
        0.10525602356721828
      ],
      [
        0.048387294627736124,
        0.02634274235968655,
        0.0002016484968504945,
        0.001045855115408965,
        0.0005705561334496861,
        0.113815940956536,
        0.0010583021145461166,
        0.1858415661468573,
        0.10525602356721828,
        1.0
      ]
    ],
    "full": [
      [
        1.0,
        0.03360403803530627,
        0.10022940467610578,
        0.09006733172169629,
        0.19261232275148105,
        0.23694813835177425,
        0.050728498260598914,
        0.03347917307602528,
        0.018550907194750957,
        0.06594843081669852
      ],
      [
        0.03360403803530627,
        1.0,
        0.021388402112720712,
        0.019977476183184913,
        0.03214295856414397,
        0.12326486060774097,
        0.05306201556677132,
        0.01602557986415126,
        0.020469919751222213,
        0.0662947732387733
      ],
      [
        0.10022940467610578,
        0.021388402112720712,
        1.0,
        0.06768657598141756,
        0.582930914656711,
        0.03992000234526823,
        0.04899657654198968,
        0.04723779320474557,
        0.0011593856321958729,
        0.0002790275695046854
      ],
      [
        0.09006733172169629,
        0.019977476183184913,
        0.06768657598141756,
        1.0,
        0.2149671934072483,
        0.012436625474370735,
        0.029512788099883783,
        0.035336119888435595,
        0.002634401460534927,
        0.0039748340878957965
      ],
      [
        0.19261232275148105,
        0.03214295856414397,
        0.582930914656711,
        0.2149671934072483,
        1.0,
        0.06744369678698367,
        0.06829886891257596,
        0.05956636215503947,
        0.0023448529434691614,
        0.0006699572731453956
      ],
      [
        0.23694813835177425,
        0.12326486060774097,
        0.03992000234526823,
        0.012436625474370735,
        0.06744369678698367,
        1.0,
        0.05341322555868703,
        0.024440885233561062,
        0.043965263928274635,
        0.1360181561036703
      ],
      [
        0.050728498260598914,
        0.05306201556677132,
        0.04899657654198968,
        0.029512788099883783,
        0.06829886891257596,
        0.05341322555868703,
        1.0,
        0.027161235710970746,
        0.0014514993398655719,
        0.0018575434551417588
      ],
      [
        0.03347917307602528,
        0.01602557986415126,
        0.04723779320474557,
        0.035336119888435595,
        0.05956636215503947,
        0.024440885233561062,
        0.027161235710970746,
        1.0,
        0.008412353918080769,
        0.22384230284864354
      ],
      [
        0.018550907194750957,
        0.020469919751222213,
        0.0011593856321958729,
        0.002634401460534927,
        0.0023448529434691614,
        0.043965263928274635,
        0.0014514993398655719,
        0.008412353918080769,
        1.0,
        0.08781090968731863
      ],
      [
        0.06594843081669852,
        0.0662947732387733,
        0.0002790275695046854,
        0.0039748340878957965,
        0.0006699572731453956,
        0.1360181561036703,
        0.0018575434551417588,
        0.22384230284864354,
        0.08781090968731863,
        1.0
      ]
    ]
  },
  "correlation": [
    [
      1.0,
      -0.25285708593014045,
      0.2124727930762217,
      0.26415058374425104,
      0.3577037997363494,
      -0.5107777690324719,
      0.25257875027657245,
      -0.13883168867312032,
      -0.10429911228432916,
      -0.21176236499337342
    ],
    [
      -0.25285708593014045,
      1.0,
      0.011047363782257158,
      0.08267558775368507,
      0.05271194678349976,
      0.3456435679527398,
      -0.3191487951992684,
      -0.003689549106672853,
      -0.041432944445131445,
      -0.10380066728387508
    ],
    [
      0.21247279307622166,
      0.011047363782257156,
      1.0,
      0.23509464933957283,
      0.684649501778445,
      -0.18455544407956237,
      -0.08342539896996545,
      0.15694164719181458,
      0.20479606213347631,
      -0.11824159920960335
    ],
    [
      0.26415058374425104,
      0.08267558775368507,
      0.23509464933957283,
      1.0,
      0.48500295980574337,
      -0.08640654412394415,
      -0.006936790666830822,
      0.1669448093822519,
      -0.0752336192356224,
      -0.10285225703672554
    ],
    [
      0.3577037997363494,
      0.05271194678349976,
      0.684649501778445,
      0.4850029598057434,
      1.0,
      -0.22690460530257683,
      -0.06904313792011472,
      0.13032929483432415,
      -0.08752968830938476,
      -0.18829168660053916
    ],
    [
      -0.510777769032472,
      0.34564356795273987,
      -0.1845554440795624,
      -0.08640654412394415,
      -0.2269046053025769,
      1.0,
      -0.4005472159359017,
      0.11731665998106071,
      0.1599191815619919,
      0.23303018976401546
    ],
    [
      0.25257875027657245,
      -0.3191487951992684,
      -0.08342539896996547,
      -0.006936790666830821,
      -0.06904313792011474,
      -0.4005472159359017,
      1.0,
      -0.2000833081505599,
      -0.11584324953095898,
      -0.046979679146632626
    ],
    [
      -0.13883168867312032,
      -0.0036895491066728527,
      0.15694164719181455,
      0.1669448093822519,
      0.13032929483432415,
      0.11731665998106072,
      -0.2000833081505599,
      1.0,
      0.04775769748887666,
      0.38161358517187255
    ],
    [
      -0.10429911228432916,
      -0.041432944445131445,
      0.20479606213347631,
      -0.0752336192356224,
      -0.08752968830938475,
      0.1599191815619919,
      -0.11584324953095898,
      0.04775769748887666,
      1.0,
      0.20792790377289108
    ],
    [
      -0.21176236499337342,
      -0.10380066728387506,
      -0.11824159920960335,
      -0.10285225703672553,
      -0.18829168660053916,
      0.23303018976401546,
      -0.046979679146632626,
      0.38161358517187255,
      0.20792790377289108,
      1.0
    ]
  ],
  "mutual_information": [
    [
      0.0,
      0.506083597339932,
      0.3170179275053481,
      0.29160202360400855,
      0.33983354374248553,
      0.5152783492655492,
      0.4738129798296504,
      0.30598328723548507,
      0.28909790574021693,
      0.3559520218872261
    ],
    [
      0.506083597339932,
      0.0,
      0.35156150898679855,
      0.3433389537454523,
      0.36236812700155113,
      0.5108790596912642,
      0.5574640436661302,
      0.39941147379761477,
      0.36143600321282,
      0.43724560064026596
    ],
    [
      0.3170179275053481,
      0.35156150898679855,
      0.0,
      0.35484864165085445,
      0.9999999998865232,
      0.38243786362198173,
      0.42096984870000415,
      0.3693353422553314,
      0.35491959969966813,
      0.36063582663421706
    ],
    [
      0.29160202360400855,
      0.3433389537454523,
      0.35484864165085445,
      0.0,
      0.42611916289252344,
      0.275126435660081,
      0.3346723484873287,
      0.25940619566964307,
      0.27460419015936827,
      0.2988702386539622
    ],
    [
      0.33983354374248553,
      0.36236812700155113,
      0.9999999998865232,
      0.42611916289252344,
      0.0,
      0.4082168724629185,
      0.5234422153362557,
      0.3463093037478413,
      0.3519236847253524,
      0.42006630618529256
    ],
    [
      0.5152783492655492,
      0.5108790596912642,
      0.38243786362198173,
      0.275126435660081,
      0.4082168724629185,
      0.0,
      0.695078572271908,
      0.3311201626726418,
      0.4088600775292287,
      0.3458529939742541
    ],
    [
      0.4738129798296504,
      0.5574640436661302,
      0.42096984870000415,
      0.3346723484873287,
      0.5234422153362557,
      0.695078572271908,
      0.0,
      0.3689296270197664,
      0.3846589943696021,
      0.45339938669306745
    ],
    [
      0.30598328723548507,
      0.39941147379761477,
      0.3693353422553314,
      0.25940619566964307,
      0.3463093037478413,
      0.3311201626726418,
      0.3689296270197664,
      0.0,
      0.33457170739458253,
      0.872161811798849
    ],
    [
      0.28909790574021693,
      0.36143600321282,
      0.35491959969966813,
      0.27460419015936827,
      0.3519236847253524,
      0.4088600775292287,
      0.3846589943696021,
      0.33457170739458253,
      0.0,
      0.4350298764217675
    ],
    [
      0.3559520218872261,
      0.43724560064026596,
      0.36063582663421706,
      0.2988702386539622,
      0.42006630618529256,
      0.3458529939742541,
      0.45339938669306745,
      0.872161811798849,
      0.4350298764217675,
      0.0
    ]
  ],
  "granger_causality": [
    [
      0.0,
      0.0,
      0.0,
      0.0,
      0.0,
      0.0,
      0.0,
      0.0,
      0.0,
      0.0
    ],
    [
      0.0,
      0.0,
      0.0,
      0.0,
      0.0,
      0.0,
      0.0,
      0.0,
      0.0,
      0.0
    ],
    [
      0.0,
      0.0,
      0.0,
      0.0,
      0.0,
      0.0,
      0.0,
      0.0,
      0.0,
      0.0
    ],
    [
      0.0,
      0.0,
      0.0,
      0.0,
      0.0,
      0.0,
      0.0,
      0.0,
      0.0,
      0.0
    ],
    [
      0.0,
      0.0,
      0.0,
      0.0,
      0.0,
      0.0,
      0.0,
      0.0,
      0.0,
      0.0
    ],
    [
      0.0,
      0.0,
      0.0,
      0.0,
      0.0,
      0.0,
      0.0,
      0.0,
      0.0,
      0.0
    ],
    [
      0.0,
      0.0,
      0.0,
      0.0,
      0.0,
      0.0,
      0.0,
      0.0,
      0.0,
      0.0
    ],
    [
      0.0,
      0.0,
      0.0,
      0.0,
      0.0,
      0.0,
      0.0,
      0.0,
      0.0,
      0.0
    ],
    [
      0.0,
      0.0,
      0.0,
      0.0,
      0.0,
      0.0,
      0.0,
      0.0,
      0.0,
      0.0
    ],
    [
      0.0,
      0.0,
      0.0,
      0.0,
      0.0,
      0.0,
      0.0,
      0.0,
      0.0,
      0.0
    ]
  ],
  "gc_pvalues": [
    [
      1.0,
      1.0,
      1.0,
      1.0,
      1.0,
      1.0,
      1.0,
      1.0,
      1.0,
      1.0
    ],
    [
      1.0,
      1.0,
      1.0,
      1.0,
      1.0,
      1.0,
      1.0,
      1.0,
      1.0,
      1.0
    ],
    [
      1.0,
      1.0,
      1.0,
      1.0,
      1.0,
      1.0,
      1.0,
      1.0,
      1.0,
      1.0
    ],
    [
      1.0,
      1.0,
      1.0,
      1.0,
      1.0,
      1.0,
      1.0,
      1.0,
      1.0,
      1.0
    ],
    [
      1.0,
      1.0,
      1.0,
      1.0,
      1.0,
      1.0,
      1.0,
      1.0,
      1.0,
      1.0
    ],
    [
      1.0,
      1.0,
      1.0,
      1.0,
      1.0,
      1.0,
      1.0,
      1.0,
      1.0,
      1.0
    ],
    [
      1.0,
      1.0,
      1.0,
      1.0,
      1.0,
      1.0,
      1.0,
      1.0,
      1.0,
      1.0
    ],
    [
      1.0,
      1.0,
      1.0,
      1.0,
      1.0,
      1.0,
      1.0,
      1.0,
      1.0,
      1.0
    ],
    [
      1.0,
      1.0,
      1.0,
      1.0,
      1.0,
      1.0,
      1.0,
      1.0,
      1.0,
      1.0
    ],
    [
      1.0,
      1.0,
      1.0,
      1.0,
      1.0,
      1.0,
      1.0,
      1.0,
      1.0,
      1.0
    ]
  ],
  "network": {
    "global_metrics": {
      "n_nodes": 10,
      "n_edges": 11,
      "density": 0.24444444444444444,
      "is_connected": true,
      "diameter": 5,
      "average_path_length": 2.488888888888889,
      "global_efficiency": 0.523703703703704,
      "avg_clustering": 0.26666666666666666,
      "transitivity": 0.3,
      "assortativity": -0.39333333333333315,
      "small_worldness": 0.0,
      "modularity": 0.35852915118483575
    },
    "nodal_metrics": {
      "LT_TA": {
        "degree": 4,
        "degree_centrality": 0.4444444444444444,
        "betweenness_centrality": 0.5694444444444444,
        "closeness_centrality": 0.5625,
        "eigenvector_centrality": 0.547831579505227,
        "pagerank": 0.1340189158127556,
        "clustering": 0.3333333333333333
      },
      "LT_GL": {
        "degree": 1,
        "degree_centrality": 0.1111111111111111,
        "betweenness_centrality": 0.0,
        "closeness_centrality": 0.375,
        "eigenvector_centrality": 0.09588304172774459,
        "pagerank": 0.04287381537026515,
        "clustering": 0
      },
      "LT_RF": {
        "degree": 2,
        "degree_centrality": 0.2222222222222222,
        "betweenness_centrality": 0.0,
        "closeness_centrality": 0.4090909090909091,
        "eigenvector_centrality": 0.3783252027302587,
        "pagerank": 0.1308331008612574,
        "clustering": 1.0
      },
      "LT_HAM": {
        "degree": 2,
        "degree_centrality": 0.2222222222222222,
        "betweenness_centrality": 0.0,
        "closeness_centrality": 0.4090909090909091,
        "eigenvector_centrality": 0.3783252027302587,
        "pagerank": 0.06747546690396874,
        "clustering": 1.0
      },
      "LT_VL": {
        "degree": 4,
        "degree_centrality": 0.4444444444444444,
        "betweenness_centrality": 0.2361111111111111,
        "closeness_centrality": 0.45,
        "eigenvector_centrality": 0.5252114934665368,
        "pagerank": 0.20816093778753259,
        "clustering": 0.3333333333333333
      },
      "RT_TA": {
        "degree": 3,
        "degree_centrality": 0.3333333333333333,
        "betweenness_centrality": 0.6388888888888888,
        "closeness_centrality": 0.5625,
        "eigenvector_centrality": 0.2719500479133403,
        "pagerank": 0.1320164479255221,
        "clustering": 0
      },
      "RT_GL": {
        "degree": 1,
        "degree_centrality": 0.1111111111111111,
        "betweenness_centrality": 0.0,
        "closeness_centrality": 0.32142857142857145,
        "eigenvector_centrality": 0.18517479160885783,
        "pagerank": 0.02641335677205023,
        "clustering": 0
      },
      "RT_RF": {
        "degree": 1,
        "degree_centrality": 0.1111111111111111,
        "betweenness_centrality": 0.0,
        "closeness_centrality": 0.32142857142857145,
        "eigenvector_centrality": 0.04499341454269033,
        "pagerank": 0.07593480321513704,
        "clustering": 0
      },
      "RT_HAM": {
        "degree": 1,
        "degree_centrality": 0.1111111111111111,
        "betweenness_centrality": 0.0,
        "closeness_centrality": 0.32142857142857145,
        "eigenvector_centrality": 0.04499341454269033,
        "pagerank": 0.038904062966851116,
        "clustering": 0
      },
      "RT_VL": {
        "degree": 3,
        "degree_centrality": 0.3333333333333333,
        "betweenness_centrality": 0.41666666666666663,
        "closeness_centrality": 0.45,
        "eigenvector_centrality": 0.12761122671159575,
        "pagerank": 0.14336909238466025,
        "clustering": 0
      }
    },
    "communities": {
      "LT_TA": 2,
      "LT_GL": 2,
      "LT_RF": 1,
      "LT_HAM": 1,
      "LT_VL": 1,
      "RT_TA": 2,
      "RT_GL": 1,
      "RT_RF": 0,
      "RT_HAM": 0,
      "RT_VL": 0
    }
  },
  "temporal": {
    "variability": [
      [
        0.0,
        0.12754318071816004,
        0.18568472415743964,
        0.18619333720850068,
        0.20442068327744975,
        0.16803068943410898,
        0.16345451208613093,
        0.13417261520777557,
        0.14143643173933007,
        0.1465135842544203
      ],
      [
        0.12754318071816004,
        0.0,
        0.19292883639965255,
        0.15045378715524657,
        0.19223951546991197,
        0.1557958032188739,
        0.16666069510475165,
        0.15280014554952492,
        0.18366980801490396,
        0.12853650357162738
      ],
      [
        0.18568472415743964,
        0.19292883639965255,
        0.0,
        0.2189526441558335,
        0.2402736087492069,
        0.13691647448711528,
        0.1276622169781343,
        0.22630647948011925,
        0.13443984947710824,
        0.11623822974214901
      ],
      [
        0.18619333720850068,
        0.15045378715524657,
        0.2189526441558335,
        0.0,
        0.23184965794879955,
        0.12020400704659351,
        0.1218683931067266,
        0.1672806836997206,
        0.12589289443933974,
        0.15621780672431174
      ],
      [
        0.20442068327744975,
        0.19223951546991197,
        0.2402736087492069,
        0.23184965794879955,
        0.0,
        0.15117182898516976,
        0.12997813428935615,
        0.21460531297542604,
        0.13226228147870353,
        0.07710981995501971
      ],
      [
        0.16803068943410898,
        0.1557958032188739,
        0.13691647448711528,
        0.12020400704659351,
        0.15117182898516976,
        0.0,
        0.15525087897560666,
        0.1602295602163958,
        0.2251668047786321,
        0.17883104600757907
      ],
      [
        0.16345451208613093,
        0.16666069510475165,
        0.1276622169781343,
        0.1218683931067266,
        0.12997813428935615,
        0.15525087897560666,
        0.0,
        0.1320551719407311,
        0.14942843591473418,
        0.18659078411810537
      ],
      [
        0.13417261520777557,
        0.15280014554952492,
        0.22630647948011925,
        0.1672806836997206,
        0.21460531297542604,
        0.1602295602163958,
        0.1320551719407311,
        0.0,
        0.20970163302608477,
        0.32392807421790937
      ],
      [
        0.14143643173933007,
        0.18366980801490396,
        0.13443984947710824,
        0.12589289443933974,
        0.13226228147870353,
        0.2251668047786321,
        0.14942843591473418,
        0.20970163302608477,
        0.0,
        0.2722029223536712
      ],
      [
        0.1465135842544203,
        0.12853650357162738,
        0.11623822974214901,
        0.15621780672431174,
        0.07710981995501971,
        0.17883104600757907,
        0.18659078411810537,
        0.32392807421790937,
        0.2722029223536712,
        0.0
      ]
    ]
  },
  "analysis_time": 239.71943879127502
}