{
  "subject_id": "S10",
  "data_info": {
    "duration": 250.4405,
    "sampling_rate": 2000
  },
  "quality_metrics": {
    "channel_0": {
      "snr_db": -66.03098429031823,
      "rms": 0.23971077459199858,
      "peak_to_peak": 1.024998830216648
    },
    "channel_1": {
      "snr_db": -64.65502059593801,
      "rms": 0.23596023547604142,
      "peak_to_peak": 1.0404407854369717
    },
    "channel_2": {
      "snr_db": -65.34610600905111,
      "rms": 0.22582224386462219,
      "peak_to_peak": 0.9968375790676726
    },
    "channel_3": {
      "snr_db": -67.58691789714493,
      "rms": 0.20541202945535744,
      "peak_to_peak": 0.9944062753589561
    },
    "channel_4": {
      "snr_db": -64.3288076244742,
      "rms": 0.24323766076528555,
      "peak_to_peak": 1.0141324862680694
    },
    "channel_5": {
      "snr_db": -66.10522214054788,
      "rms": 0.28661209126739723,
      "peak_to_peak": 1.0603230711721277
    },
    "channel_6": {
      "snr_db": -65.2924285039395,
      "rms": 0.2449700276777469,
      "peak_to_peak": 1.032511529364649
    },
    "channel_7": {
      "snr_db": -65.73925278194955,
      "rms": 0.24392717936625946,
      "peak_to_peak": 1.0336888406287383
    },
    "channel_8": {
      "snr_db": -68.29440143126081,
      "rms": 0.2645831249415915,
      "peak_to_peak": 1.0979230284263108
    },
    "channel_9": {
      "snr_db": -65.21940582659713,
      "rms": 0.27702089949913,
      "peak_to_peak": 1.0130218524403902
    }
  },
  "n_cycles": 203,
  "coherence": {
    "delta": [
      [
        1.0,
        0.016309551182434306,
        0.17009210652019802,
        0.0008156402950918573,
        0.10397343889842321,
        0.13780718161506839,
        0.07709137436966769,
        0.06497035594582379,
        0.01551864902090317,
        0.11134859381039612
      ],
      [
        0.016309551182434306,
        1.0,
        0.009488945240056518,
        0.07210190959479826,
        0.004816743993715847,
        0.17959488045647454,
        0.0056562279303524554,
        0.18126921312990882,
        0.05503246092493616,
        0.16547801003414328
      ],
      [
        0.17009210652019802,
        0.009488945240056518,
        1.0,
        0.011003597282853377,
        0.38104983668586245,
        0.09000479968337868,
        0.16739680261329393,
        0.00486823738510109,
        0.0047737859807071535,
        0.016212794581178677
      ],
      [
        0.0008156402950918573,
        0.07210190959479826,
        0.011003597282853377,
        1.0,
        0.04906222992283766,
        0.04014812371073371,
        0.053449680648253145,
        0.0341012673394906,
        0.06617664407158336,
        0.09363465719793601
      ],
      [
        0.10397343889842321,
        0.004816743993715847,
        0.38104983668586245,
        0.04906222992283766,
        1.0,
        0.07983756120931185,
        0.09029178949653803,
        0.0038764855377988734,
        0.05369976247454043,
        0.00046772661843042873
      ],
      [
        0.13780718161506839,
        0.17959488045647454,
        0.09000479968337868,
        0.04014812371073371,
        0.07983756120931185,
        1.0,
        0.033277167049244466,
        0.23832900684947472,
        0.018485633343105462,
        0.27490248621553676
      ],
      [
        0.07709137436966769,
        0.0056562279303524554,
        0.16739680261329393,
        0.053449680648253145,
        0.09029178949653803,
        0.033277167049244466,
        1.0,
        0.001151012512242198,
        0.012371638371339913,
        0.004432056630747165
      ],
      [
        0.06497035594582379,
        0.18126921312990882,
        0.00486823738510109,
        0.0341012673394906,
        0.0038764855377988734,
        0.23832900684947472,
        0.001151012512242198,
        1.0,
        0.04396055407360607,
        0.509381919364088
      ],
      [
        0.01551864902090317,
        0.05503246092493616,
        0.0047737859807071535,
        0.06617664407158336,
        0.05369976247454043,
        0.018485633343105462,
        0.012371638371339913,
        0.04396055407360607,
        1.0,
        0.11961978927754142
      ],
      [
        0.11134859381039612,
        0.16547801003414328,
        0.016212794581178677,
        0.09363465719793601,
        0.00046772661843042873,
        0.27490248621553676,
        0.004432056630747165,
        0.509381919364088,
        0.11961978927754142,
        1.0
      ]
    ],
    "theta": [
      [
        1.0,
        0.01661127036289573,
        0.15339765620251916,
        0.010419248770358285,
        0.07238562417409457,
        0.09940375347666794,
        0.137124999698394,
        0.06843999107994457,
        0.012168625360490142,
        0.09499759008528928
      ],
      [
        0.01661127036289573,
        1.0,
        0.0073232397875614905,
        0.1310727160484808,
        0.005275453997987768,
        0.2665838317624659,
        0.0074885725796712726,
        0.17586376965399594,
        0.08050381945685829,
        0.2403755551872942
      ],
      [
        0.15339765620251916,
        0.0073232397875614905,
        1.0,
        0.011470127382125453,
        0.3408433991371062,
        0.07607175244074346,
        0.1728377804762657,
        0.006144515490392264,
        0.004123505811447314,
        0.013282963580209039
      ],
      [
        0.010419248770358285,
        0.1310727160484808,
        0.011470127382125453,
        1.0,
        0.04381605943616148,
        0.06606868031596899,
        0.05156698299465491,
        0.04110003764059994,
        0.06150177359210764,
        0.0892281600324772
      ],
      [
        0.07238562417409457,
        0.005275453997987768,
        0.3408433991371062,
        0.04381605943616148,
        1.0,
        0.0638061507966947,
        0.08162608129179526,
        0.005331632855313652,
        0.043515572293889346,
        0.0009443779745796412
      ],
      [
        0.09940375347666794,
        0.2665838317624659,
        0.07607175244074346,
        0.06606868031596899,
        0.0638061507966947,
        1.0,
        0.046966750363638926,
        0.19694405310579896,
        0.025610650686434817,
        0.24415601863403216
      ],
      [
        0.137124999698394,
        0.0074885725796712726,
        0.1728377804762657,
        0.05156698299465491,
        0.08162608129179526,
        0.046966750363638926,
        1.0,
        0.0017795721402205568,
        0.00786177795811293,
        0.0037478277553146177
      ],
      [
        0.06843999107994457,
        0.17586376965399594,
        0.006144515490392264,
        0.04110003764059994,
        0.005331632855313652,
        0.19694405310579896,
        0.0017795721402205568,
        1.0,
        0.06791189192876497,
        0.46469658490072085
      ],
      [
        0.012168625360490142,
        0.08050381945685829,
        0.004123505811447314,
        0.06150177359210764,
        0.043515572293889346,
        0.025610650686434817,
        0.00786177795811293,
        0.06791189192876497,
        1.0,
        0.10929748533450892
      ],
      [
        0.09499759008528928,
        0.2403755551872942,
        0.013282963580209039,
        0.0892281600324772,
        0.0009443779745796412,
        0.24415601863403216,
        0.0037478277553146177,
        0.46469658490072085,
        0.10929748533450892,
        1.0
      ]
    ],
    "alpha": [
      [
        1.0,
        0.08110461269298441,
        0.19973997887939704,
        0.008370505588652929,
        0.10294249866398901,
        0.12410164355214849,
        0.08548227540328267,
        0.05356011822189643,
        0.043237468839419244,
        0.108374192105896
      ],
      [
        0.08110461269298441,
        1.0,
        0.022397453720646023,
        0.05547704293348406,
        0.016256883999844433,
        0.10435225633605512,
        0.022984742027656296,
        0.15444279077882414,
        0.13195507817062177,
        0.19420459437618418
      ],
      [
        0.19973997887939704,
        0.022397453720646023,
        1.0,
        0.02188396931626611,
        0.39149443385151833,
        0.020994779123217764,
        0.12636162305957108,
        0.0003173975555440596,
        0.019830007024060407,
        0.017420417085067086
      ],
      [
        0.008370505588652929,
        0.05547704293348406,
        0.02188396931626611,
        1.0,
        0.09313549257778386,
        0.02604669989781783,
        0.06114480820726453,
        0.05101996404147109,
        0.11266584565054072,
        0.10939832361094161
      ],
      [
        0.10294249866398901,
        0.016256883999844433,
        0.39149443385151833,
        0.09313549257778386,
        1.0,
        0.02795649267708552,
        0.20168640244837188,
        0.004244245104715012,
        0.0631834750061002,
        0.000725770610635744
      ],
      [
        0.12410164355214849,
        0.10435225633605512,
        0.020994779123217764,
        0.02604669989781783,
        0.02795649267708552,
        1.0,
        0.0167321610955303,
        0.23656369562137866,
        0.07022238065569261,
        0.220808599799936
      ],
      [
        0.08548227540328267,
        0.022984742027656296,
        0.12636162305957108,
        0.06114480820726453,
        0.20168640244837188,
        0.0167321610955303,
        1.0,
        0.0030870493309183055,
        0.028198065987321178,
        0.0018095173441510667
      ],
      [
        0.05356011822189643,
        0.15444279077882414,
        0.0003173975555440596,
        0.05101996404147109,
        0.004244245104715012,
        0.23656369562137866,
        0.0030870493309183055,
        1.0,
        0.09401055244624576,
        0.5300968020639407
      ],
      [
        0.043237468839419244,
        0.13195507817062177,
        0.019830007024060407,
        0.11266584565054072,
        0.0631834750061002,
        0.07022238065569261,
        0.028198065987321178,
        0.09401055244624576,
        1.0,
        0.1760603206231865
      ],
      [
        0.108374192105896,
        0.19420459437618418,
        0.017420417085067086,
        0.10939832361094161,
        0.000725770610635744,
        0.220808599799936,
        0.0018095173441510667,
        0.5300968020639407,
        0.1760603206231865,
        1.0
      ]
    ],
    "beta": [
      [
        1.0,
        0.22353830275528688,
        0.29121821730054703,
        0.011332211872629547,
        0.14017076542811108,
        0.1395169881335823,
        0.04803747530388353,
        0.03195678206160493,
        0.07925706752426644,
        0.09284105120052916
      ],
      [
        0.22353830275528688,
        1.0,
        0.05613322332133534,
        0.04852593380437823,
        0.027960118498463037,
        0.04546759510051049,
        0.038303688589728144,
        0.11063659793689519,
        0.169757618668306,
        0.11894673838670226
      ],
      [
        0.29121821730054703,
        0.05613322332133534,
        1.0,
        0.023318792736758714,
        0.48159996449518405,
        0.03855364396734023,
        0.07200147153032153,
        0.004981941688126713,
        0.015559630477128434,
        0.03612782560122106
      ],
      [
        0.011332211872629547,
        0.04852593380437823,
        0.023318792736758714,
        1.0,
        0.09772696080719598,
        0.020351947612528804,
        0.11625987745808877,
        0.06444805962626726,
        0.2281578601056136,
        0.15303882508314576
      ],
      [
        0.14017076542811108,
        0.027960118498463037,
        0.48159996449518405,
        0.09772696080719598,
        1.0,
        0.06555914729118614,
        0.17788293402126704,
        0.017993117258743353,
        0.07274735829419281,
        0.004778002904308538
      ],
      [
        0.1395169881335823,
        0.04546759510051049,
        0.03855364396734023,
        0.020351947612528804,
        0.06555914729118614,
        1.0,
        0.0697558527961455,
        0.3332284921278275,
        0.04515722846493053,
        0.3078490582801407
      ],
      [
        0.04803747530388353,
        0.038303688589728144,
        0.07200147153032153,
        0.11625987745808877,
        0.17788293402126704,
        0.0697558527961455,
        1.0,
        0.009968908878048889,
        0.030580575538138366,
        0.003574441506255145
      ],
      [
        0.03195678206160493,
        0.11063659793689519,
        0.004981941688126713,
        0.06444805962626726,
        0.017993117258743353,
        0.3332284921278275,
        0.009968908878048889,
        1.0,
        0.0713970997880665,
        0.6163268137807922
      ],
      [
        0.07925706752426644,
        0.169757618668306,
        0.015559630477128434,
        0.2281578601056136,
        0.07274735829419281,
        0.04515722846493053,
        0.030580575538138366,
        0.0713970997880665,
        1.0,
        0.24195062953005003
      ],
      [
        0.09284105120052916,
        0.11894673838670226,
        0.03612782560122106,
        0.15303882508314576,
        0.004778002904308538,
        0.3078490582801407,
        0.003574441506255145,
        0.6163268137807922,
        0.24195062953005003,
        1.0
      ]
    ],
    "gamma": [
      [
        1.0,
        0.2621337495049314,
        0.2952907684354832,
        0.005071539388489566,
        0.1434268563131974,
        0.12456389139504065,
        0.022189435506905893,
        0.010856060707530894,
        0.07604877472442345,
        0.06398557218014607
      ],
      [
        0.2621337495049314,
        1.0,
        0.06556340005095909,
        0.0209858874699739,
        0.031093311973516908,
        0.013323844405474947,
        0.04491737592161167,
        0.05736950286540541,
        0.15287517520346966,
        0.04470726710647446
      ],
      [
        0.2952907684354832,
        0.06556340005095909,
        1.0,
        0.01091240485249377,
        0.4861591004275881,
        0.033941202085970394,
        0.025424685349271975,
        0.006656906339450197,
        0.006145928390119827,
        0.040226797328308826
      ],
      [
        0.005071539388489566,
        0.0209858874699739,
        0.01091240485249377,
        1.0,
        0.08139850605713751,
        0.008020915219938654,
        0.12194593855947822,
        0.05376781637040083,
        0.24963384436594244,
        0.14852848938509192
      ],
      [
        0.1434268563131974,
        0.031093311973516908,
        0.4861591004275881,
        0.08139850605713751,
        1.0,
        0.06590113793546853,
        0.1281384619837871,
        0.024516228596663137,
        0.06749202309946258,
        0.009409114974587426
      ],
      [
        0.12456389139504065,
        0.013323844405474947,
        0.033941202085970394,
        0.008020915219938654,
        0.06590113793546853,
        1.0,
        0.09466710176239908,
        0.34206717960653105,
        0.028746135305279547,
        0.31631705030075036
      ],
      [
        0.022189435506905893,
        0.04491737592161167,
        0.025424685349271975,
        0.12194593855947822,
        0.1281384619837871,
        0.09466710176239908,
        1.0,
        0.012322634312597001,
        0.026224057054741772,
        0.005492583399748764
      ],
      [
        0.010856060707530894,
        0.05736950286540541,
        0.006656906339450197,
        0.05376781637040083,
        0.024516228596663137,
        0.34206717960653105,
        0.012322634312597001,
        1.0,
        0.03856603269505139,
        0.615903797553317
      ],
      [
        0.07604877472442345,
        0.15287517520346966,
        0.006145928390119827,
        0.24963384436594244,
        0.06749202309946258,
        0.028746135305279547,
        0.026224057054741772,
        0.03856603269505139,
        1.0,
        0.23183374107431756
      ],
      [
        0.06398557218014607,
        0.04470726710647446,
        0.040226797328308826,
        0.14852848938509192,
        0.009409114974587426,
        0.31631705030075036,
        0.005492583399748764,
        0.615903797553317,
        0.23183374107431756,
        1.0
      ]
    ],
    "full": [
      [
        1.0,
        0.17962745722819642,
        0.2565114276539936,
        0.007008275337089303,
        0.12777633414718165,
        0.12923132075142196,
        0.052299007891621195,
        0.033388327152120215,
        0.06028581045853067,
        0.08595084888575573
      ],
      [
        0.17962745722819642,
        1.0,
        0.0462344982714198,
        0.04844513467222645,
        0.02295945075743851,
        0.07527811164929898,
        0.03227595418730795,
        0.10940299175132659,
        0.1358407823206096,
        0.11268149682391894
      ],
      [
        0.2565114276539936,
        0.0462344982714198,
        1.0,
        0.015630652805661695,
        0.4501256051137712,
        0.046230516709994736,
        0.08070171704846697,
        0.005339283558915104,
        0.009728403742771915,
        0.03144417375954322
      ],
      [
        0.007008275337089303,
        0.04844513467222645,
        0.015630652805661695,
        1.0,
        0.07945972195185323,
        0.022609538014235594,
        0.09956771962524401,
        0.05284260436293272,
        0.18979396689522934,
        0.13389950348441026
      ],
      [
        0.12777633414718165,
        0.02295945075743851,
        0.4501256051137712,
        0.07945972195185323,
        1.0,
        0.06486000344111471,
        0.13970154682594205,
        0.016298650850301195,
        0.06481139391716573,
        0.00528947602401904
      ],
      [
        0.12923132075142196,
        0.07527811164929898,
        0.046230516709994736,
        0.022609538014235594,
        0.06486000344111471,
        1.0,
        0.06789324350417196,
        0.304108894536161,
        0.03516645295495833,
        0.29444239042225817
      ],
      [
        0.052299007891621195,
        0.03227595418730795,
        0.08070171704846697,
        0.09956771962524401,
        0.13970154682594205,
        0.06789324350417196,
        1.0,
        0.008358265659292603,
        0.024172746778028945,
        0.004321703183440339
      ],
      [
        0.033388327152120215,
        0.10940299175132659,
        0.005339283558915104,
        0.05284260436293272,
        0.016298650850301195,
        0.304108894536161,
        0.008358265659292603,
        1.0,
        0.056020162703826606,
        0.5814141129678917
      ],
      [
        0.06028581045853067,
        0.1358407823206096,
        0.009728403742771915,
        0.18979396689522934,
        0.06481139391716573,
        0.03516645295495833,
        0.024172746778028945,
        0.056020162703826606,
        1.0,
        0.20396681600035127
      ],
      [
        0.08595084888575573,
        0.11268149682391894,
        0.03144417375954322,
        0.13389950348441026,
        0.00528947602401904,
        0.29444239042225817,
        0.004321703183440339,
        0.5814141129678917,
        0.20396681600035127,
        1.0
      ]
    ]
  },
  "correlation": [
    [
      1.0,
      -0.39981114528082357,
      0.5064925263868891,
      0.12211667559768098,
      0.4279754469465737,
      -0.2989503982488677,
      0.2754620238597228,
      0.003439018856715674,
      -0.13130511380177987,
      -0.23154387801791382
    ],
    [
      -0.39981114528082357,
      0.9999999999999999,
      -0.0985088036452334,
      0.0668773576715536,
      -0.1421291078449441,
      0.1706742946458863,
      -0.40913506835187663,
      -0.04195641294934024,
      0.3495883108628546,
      0.19132509568084807
    ],
    [
      0.5064925263868891,
      -0.0985088036452334,
      1.0,
      0.20458412845299184,
      0.7170985798376709,
      -0.16211959296392292,
      0.024394980740587723,
      0.014377827429096433,
      0.16675254852459717,
      -0.2479672397345029
    ],
    [
      0.12211667559768098,
      0.0668773576715536,
      0.20458412845299184,
      0.9999999999999999,
      0.24181334818266073,
      0.07777342739037776,
      0.23137019681493265,
      0.36980361367143455,
      0.4854602667174013,
      0.3143636048375251
    ],
    [
      0.4279754469465737,
      -0.1421291078449441,
      0.7170985798376709,
      0.24181334818266073,
      1.0,
      -0.29209951405841356,
      0.32039705721671285,
      -0.23110257429560063,
      0.2005793146233174,
      -0.32945761122970196
    ],
    [
      -0.2989503982488677,
      0.1706742946458863,
      -0.16211959296392292,
      0.07777342739037778,
      -0.2920995140584136,
      1.0,
      -0.30270018362804396,
      0.5260546744725613,
      0.2297468085609532,
      0.5927109828348937
    ],
    [
      0.2754620238597228,
      -0.4091350683518767,
      0.024394980740587723,
      0.23137019681493262,
      0.32039705721671285,
      -0.30270018362804396,
      1.0,
      -0.12944851872606417,
      -0.011145553982077774,
      -0.214502673761229
    ],
    [
      0.003439018856715674,
      -0.04195641294934024,
      0.014377827429096435,
      0.36980361367143455,
      -0.23110257429560066,
      0.5260546744725613,
      -0.12944851872606417,
      1.0,
      0.2719036862556501,
      0.7569217473069344
    ],
    [
      -0.13130511380177987,
      0.3495883108628546,
      0.1667525485245972,
      0.4854602667174013,
      0.20057931462331743,
      0.2297468085609532,
      -0.011145553982077774,
      0.2719036862556501,
      1.0,
      0.4210025416750941
    ],
    [
      -0.23154387801791385,
      0.19132509568084805,
      -0.2479672397345029,
      0.3143636048375252,
      -0.32945761122970196,
      0.5927109828348935,
      -0.21450267376122906,
      0.7569217473069343,
      0.4210025416750941,
      0.9999999999999999
    ]
  ],
  "mutual_information": [
    [
      0.0,
      0.8746765244638582,
      0.6791089341300427,
      0.4217065716936237,
      0.6594513000017305,
      0.5289510017368171,
      0.5598010116560196,
      0.4654339694662178,
      0.4306457475555486,
      0.45719766425867525
    ],
    [
      0.8746765244638582,
      0.0,
      0.6268222635852481,
      0.4998284260665299,
      0.7028280133385137,
      0.5813570292500351,
      0.7266414491186253,
      0.6133739608383328,
      0.4775696236985772,
      0.6111249734142457
    ],
    [
      0.6791089341300427,
      0.6268222635852481,
      0.0,
      0.4197963980355078,
      0.9375609253569119,
      0.5398985535540419,
      0.47954332739383715,
      0.5301085883936879,
      0.45227465732839006,
      0.5104134875804687
    ],
    [
      0.4217065716936237,
      0.4998284260665299,
      0.4197963980355078,
      0.0,
      0.46476664377481625,
      0.40762962809151887,
      0.5516425488356989,
      0.564905369718481,
      0.45157482795028786,
      0.4615307608600753
    ],
    [
      0.6594513000017305,
      0.7028280133385137,
      0.9375609253569119,
      0.46476664377481625,
      0.0,
      0.5614923707452842,
      0.66965129655227,
      0.5641636940635331,
      0.5014559930204688,
      0.5841079013814214
    ],
    [
      0.5289510017368171,
      0.5813570292500351,
      0.5398985535540419,
      0.40762962809151887,
      0.5614923707452842,
      0.0,
      0.8624252531873118,
      0.629158007725682,
      0.39606814360436493,
      0.6267409550686651
    ],
    [
      0.5598010116560196,
      0.7266414491186253,
      0.47954332739383715,
      0.5516425488356989,
      0.66965129655227,
      0.8624252531873118,
      0.0,
      0.6492489353647127,
      0.45743222774821807,
      0.5715091597248199
    ],
    [
      0.4654339694662178,
      0.6133739608383328,
      0.5301085883936879,
      0.564905369718481,
      0.5641636940635331,
      0.629158007725682,
      0.6492489353647127,
      0.0,
      0.43012555655720897,
      0.9999999998773954
    ],
    [
      0.4306457475555486,
      0.4775696236985772,
      0.45227465732839006,
      0.45157482795028786,
      0.5014559930204688,
      0.39606814360436493,
      0.45743222774821807,
      0.43012555655720897,
      0.0,
      0.4787939188807587
    ],
    [
      0.45719766425867525,
      0.6111249734142457,
      0.5104134875804687,
      0.4615307608600753,
      0.5841079013814214,
      0.6267409550686651,
      0.5715091597248199,
      0.9999999998773954,
      0.4787939188807587,
      0.0
    ]
  ],
  "network": {
    "global_metrics": {
      "n_nodes": 10,
      "n_edges": 11,
      "density": 0.24444444444444444,
      "is_connected": true,
      "diameter": 7,
      "average_path_length": 3.088888888888889,
      "global_efficiency": 0.48412698412698424,
      "avg_clustering": 0.36666666666666664,
      "transitivity": 0.375,
      "assortativity": -0.035294117647058476,
      "small_worldness": 0.0,
      "modularity": 0.45075055063597463
    },
    "nodal_metrics": {
      "LT_TA": {
        "degree": 2,
        "degree_centrality": 0.2222222222222222,
        "betweenness_centrality": 0.5,
        "closeness_centrality": 0.391304347826087,
        "eigenvector_centrality": 0.09308388115141089,
        "pagerank": 0.09201924397155638,
        "clustering": 0
      },
      "LT_GL": {
        "degree": 2,
        "degree_centrality": 0.2222222222222222,
        "betweenness_centrality": 0.5555555555555556,
        "closeness_centrality": 0.42857142857142855,
        "eigenvector_centrality": 0.2038852458357451,
        "pagerank": 0.06762310161616841,
        "clustering": 0
      },
      "LT_RF": {
        "degree": 2,
        "degree_centrality": 0.2222222222222222,
        "betweenness_centrality": 0.38888888888888884,
        "closeness_centrality": 0.3333333333333333,
        "eigenvector_centrality": 0.04225537781030759,
        "pagerank": 0.14354617010329374,
        "clustering": 0
      },
      "LT_HAM": {
        "degree": 2,
        "degree_centrality": 0.2222222222222222,
        "betweenness_centrality": 0.0,
        "closeness_centrality": 0.34615384615384615,
        "eigenvector_centrality": 0.390108845032943,
        "pagerank": 0.0594268976668207,
        "clustering": 1.0
      },
      "LT_VL": {
        "degree": 2,
        "degree_centrality": 0.2222222222222222,
        "betweenness_centrality": 0.2222222222222222,
        "closeness_centrality": 0.2727272727272727,
        "eigenvector_centrality": 0.018648477375659785,
        "pagerank": 0.12724621570697334,
        "clustering": 0
      },
      "RT_TA": {
        "degree": 2,
        "degree_centrality": 0.2222222222222222,
        "betweenness_centrality": 0.0,
        "closeness_centrality": 0.2903225806451613,
        "eigenvector_centrality": 0.35608448285463795,
        "pagerank": 0.08529171986589136,
        "clustering": 1.0
      },
      "RT_GL": {
        "degree": 1,
        "degree_centrality": 0.1111111111111111,
        "betweenness_centrality": 0.0,
        "closeness_centrality": 0.21951219512195122,
        "eigenvector_centrality": 0.007053161831128412,
        "pagerank": 0.04061819401540181,
        "clustering": 0
      },
      "RT_RF": {
        "degree": 2,
        "degree_centrality": 0.2222222222222222,
        "betweenness_centrality": 0.0,
        "closeness_centrality": 0.2903225806451613,
        "eigenvector_centrality": 0.35608448285463795,
        "pagerank": 0.12092922440280196,
        "clustering": 1.0
      },
      "RT_HAM": {
        "degree": 3,
        "degree_centrality": 0.3333333333333333,
        "betweenness_centrality": 0.5555555555555556,
        "closeness_centrality": 0.42857142857142855,
        "eigenvector_centrality": 0.44605488973927276,
        "pagerank": 0.09360733162796672,
        "clustering": 0.3333333333333333
      },
      "RT_VL": {
        "degree": 4,
        "degree_centrality": 0.4444444444444444,
        "betweenness_centrality": 0.38888888888888884,
        "closeness_centrality": 0.375,
        "eigenvector_centrality": 0.5855262371176786,
        "pagerank": 0.16969190102312567,
        "clustering": 0.3333333333333333
      }
    },
    "communities": {
      "LT_TA": 1,
      "LT_GL": 1,
      "LT_RF": 1,
      "LT_HAM": 0,
      "LT_VL": 1,
      "RT_TA": 2,
      "RT_GL": 1,
      "RT_RF": 2,
      "RT_HAM": 0,
      "RT_VL": 2
    }
  },
  "analysis_time": 100.10312604904175
}