{
  "subject_id": "S12",
  "data_info": {
    "duration": 308.7305,
    "sampling_rate": 2000
  },
  "quality_metrics": {
    "channel_0": {
      "snr_db": -65.98839487708055,
      "rms": 0.33006530402639117,
      "peak_to_peak": 1.033466088096651
    },
    "channel_1": {
      "snr_db": -65.24416260863822,
      "rms": 0.27647547715371423,
      "peak_to_peak": 1.0379488120055915
    },
    "channel_2": {
      "snr_db": -68.14384367792728,
      "rms": 0.3338872887892217,
      "peak_to_peak": 1.0444197128065216
    },
    "channel_3": {
      "snr_db": -66.46997135701805,
      "rms": 0.27185516631255097,
      "peak_to_peak": 1.0121763575165603
    },
    "channel_4": {
      "snr_db": -65.59826755391317,
      "rms": 0.255897060218935,
      "peak_to_peak": 1.0120075876159784
    },
    "channel_5": {
      "snr_db": -64.65151097037717,
      "rms": 0.28782464107218986,
      "peak_to_peak": 1.016622095662739
    },
    "channel_6": {
      "snr_db": -65.4683569410476,
      "rms": 0.2531361653220667,
      "peak_to_peak": 1.0000439416292257
    },
    "channel_7": {
      "snr_db": -67.66130419208808,
      "rms": 0.3096504531579389,
      "peak_to_peak": 1.0088180565327167
    },
    "channel_8": {
      "snr_db": -66.53327840618778,
      "rms": 0.22822036919659694,
      "peak_to_peak": 1.0050811861306508
    },
    "channel_9": {
      "snr_db": -65.48531854114161,
      "rms": 0.2837855193472973,
      "peak_to_peak": 1.007033372827775
    }
  },
  "n_cycles": 101,
  "coherence": {
    "delta": [
      [
        1.0,
        0.04627430573523155,
        0.2682305769181944,
        0.3032480281105102,
        0.28600801715823987,
        0.19529832563240768,
        0.19550741307679578,
        0.10282776358496065,
        0.005828179836092815,
        0.16449529763619508
      ],
      [
        0.04627430573523155,
        1.0,
        0.04469358679588437,
        0.005300082621700219,
        0.003239202718592725,
        0.19119879354922548,
        0.005211575246908952,
        0.2078145804050996,
        0.4449599335031203,
        0.32660026624495764
      ],
      [
        0.2682305769181944,
        0.04469358679588437,
        1.0,
        0.12773887971617964,
        0.572368946685923,
        0.19845314557722266,
        0.2203499397540276,
        0.03214203186045979,
        0.008403973810882995,
        0.07479146034486621
      ],
      [
        0.3032480281105102,
        0.005300082621700219,
        0.12773887971617964,
        1.0,
        0.1703131569124824,
        0.007818376367047566,
        0.5892280463175457,
        0.0052734127167523084,
        0.0031190612226595074,
        0.014313146525411
      ],
      [
        0.28600801715823987,
        0.003239202718592725,
        0.572368946685923,
        0.1703131569124824,
        1.0,
        0.14077335838828514,
        0.32210494159857206,
        0.0562603092805713,
        0.006449171608177993,
        0.0019454199591442116
      ],
      [
        0.19529832563240768,
        0.19119879354922548,
        0.19845314557722266,
        0.007818376367047566,
        0.14077335838828514,
        1.0,
        0.023005775652142763,
        0.13434423663911987,
        0.07518654472272113,
        0.28151954614740854
      ],
      [
        0.19550741307679578,
        0.005211575246908952,
        0.2203499397540276,
        0.5892280463175457,
        0.32210494159857206,
        0.023005775652142763,
        1.0,
        0.04744710733377645,
        0.0008294091283280049,
        0.0026779799215504363
      ],
      [
        0.10282776358496065,
        0.2078145804050996,
        0.03214203186045979,
        0.0052734127167523084,
        0.0562603092805713,
        0.13434423663911987,
        0.04744710733377645,
        1.0,
        0.10486593842043428,
        0.5513232923502813
      ],
      [
        0.005828179836092815,
        0.4449599335031203,
        0.008403973810882995,
        0.0031190612226595074,
        0.006449171608177993,
        0.07518654472272113,
        0.0008294091283280049,
        0.10486593842043428,
        1.0,
        0.12127232487426377
      ],
      [
        0.16449529763619508,
        0.32660026624495764,
        0.07479146034486621,
        0.014313146525411,
        0.0019454199591442116,
        0.28151954614740854,
        0.0026779799215504363,
        0.5513232923502813,
        0.12127232487426377,
        1.0
      ]
    ],
    "theta": [
      [
        1.0,
        0.07131029052106942,
        0.15802933275302164,
        0.44692853696255597,
        0.3018316590336386,
        0.13176709047878837,
        0.39865617709559065,
        0.1674540716090563,
        0.01132795481717091,
        0.181704567194366
      ],
      [
        0.07131029052106942,
        1.0,
        0.08295384529619108,
        0.008150858505721266,
        0.007450553506419225,
        0.3219648430156918,
        0.002052962966166515,
        0.14797968441923692,
        0.35908865157261083,
        0.35492035993513904
      ],
      [
        0.15802933275302164,
        0.08295384529619108,
        1.0,
        0.06671910311462714,
        0.49073658062926384,
        0.2427628924673318,
        0.21992554121799077,
        0.01291071516636731,
        0.013646685912484297,
        0.1836633849873777
      ],
      [
        0.44692853696255597,
        0.008150858505721266,
        0.06671910311462714,
        1.0,
        0.13329161025960007,
        0.0016806939101198124,
        0.4776645350763904,
        0.016135172407994874,
        0.002180061603074751,
        0.01480397014165244
      ],
      [
        0.3018316590336386,
        0.007450553506419225,
        0.49073658062926384,
        0.13329161025960007,
        1.0,
        0.11715301537027778,
        0.39354912915765,
        0.1518804022032815,
        0.006935399965302837,
        0.000545518826700597
      ],
      [
        0.13176709047878837,
        0.3219648430156918,
        0.2427628924673318,
        0.0016806939101198124,
        0.11715301537027778,
        1.0,
        0.034706342699290293,
        0.07842425820354405,
        0.1250731603226807,
        0.31447455982564465
      ],
      [
        0.39865617709559065,
        0.002052962966166515,
        0.21992554121799077,
        0.4776645350763904,
        0.39354912915765,
        0.034706342699290293,
        1.0,
        0.054261031974188106,
        0.0010971618437656879,
        0.00018026690828401172
      ],
      [
        0.1674540716090563,
        0.14797968441923692,
        0.01291071516636731,
        0.016135172407994874,
        0.1518804022032815,
        0.07842425820354405,
        0.054261031974188106,
        1.0,
        0.10773262290166596,
        0.4736674755019305
      ],
      [
        0.01132795481717091,
        0.35908865157261083,
        0.013646685912484297,
        0.002180061603074751,
        0.006935399965302837,
        0.1250731603226807,
        0.0010971618437656879,
        0.10773262290166596,
        1.0,
        0.171517083391331
      ],
      [
        0.181704567194366,
        0.35492035993513904,
        0.1836633849873777,
        0.01480397014165244,
        0.000545518826700597,
        0.31447455982564465,
        0.00018026690828401172,
        0.4736674755019305,
        0.171517083391331,
        1.0
      ]
    ],
    "alpha": [
      [
        1.0,
        0.04237213651538823,
        0.4066161202781964,
        0.08662404491055462,
        0.3148184586605005,
        0.16008204021103672,
        0.13419277533370236,
        0.020153708923210785,
        0.03494760115311951,
        0.1086435733848827
      ],
      [
        0.04237213651538823,
        1.0,
        0.04815447734167586,
        0.011378082867929917,
        0.00816806914894877,
        0.05878844845096386,
        0.02777156082797355,
        0.20097647384264927,
        0.463045328221379,
        0.17453997317156925
      ],
      [
        0.4066161202781964,
        0.04815447734167586,
        1.0,
        0.16441490230553446,
        0.5494859139680803,
        0.0865314688347907,
        0.22697740785835868,
        0.03963548595125732,
        0.04948542682916042,
        0.058169840265479986
      ],
      [
        0.08662404491055462,
        0.011378082867929917,
        0.16441490230553446,
        1.0,
        0.21237124759320716,
        0.018447933925099375,
        0.551261810228977,
        0.13242646387291293,
        0.01064727265034656,
        0.03661872411488773
      ],
      [
        0.3148184586605005,
        0.00816806914894877,
        0.5494859139680803,
        0.21237124759320716,
        1.0,
        0.10155003258686886,
        0.23646028671878092,
        0.057241928465339695,
        0.01582593312995436,
        0.005644127762897755
      ],
      [
        0.16008204021103672,
        0.05878844845096386,
        0.0865314688347907,
        0.018447933925099375,
        0.10155003258686886,
        1.0,
        0.019121132670072847,
        0.11131873884819403,
        0.04314173313805292,
        0.2318756821097345
      ],
      [
        0.13419277533370236,
        0.02777156082797355,
        0.22697740785835868,
        0.551261810228977,
        0.23646028671878092,
        0.019121132670072847,
        1.0,
        0.09772928052903074,
        0.0038188253908403125,
        0.023059072530632427
      ],
      [
        0.020153708923210785,
        0.20097647384264927,
        0.03963548595125732,
        0.13242646387291293,
        0.057241928465339695,
        0.11131873884819403,
        0.09772928052903074,
        1.0,
        0.1789834236315162,
        0.5808509226364266
      ],
      [
        0.03494760115311951,
        0.463045328221379,
        0.04948542682916042,
        0.01064727265034656,
        0.01582593312995436,
        0.04314173313805292,
        0.0038188253908403125,
        0.1789834236315162,
        1.0,
        0.21724317744687702
      ],
      [
        0.1086435733848827,
        0.17453997317156925,
        0.058169840265479986,
        0.03661872411488773,
        0.005644127762897755,
        0.2318756821097345,
        0.023059072530632427,
        0.5808509226364266,
        0.21724317744687702,
        1.0
      ]
    ],
    "beta": [
      [
        1.0,
        0.18835022107427843,
        0.49481220330353937,
        0.05170170684058846,
        0.3658072814027191,
        0.25737190272526833,
        0.05459188661283601,
        0.011346386092475748,
        0.12461375408678146,
        0.07522985666256292
      ],
      [
        0.18835022107427843,
        1.0,
        0.13439762598480126,
        0.012722217398318306,
        0.029724534969166258,
        0.06279455983867645,
        0.041277673151148574,
        0.16509957145034393,
        0.5852109385993847,
        0.11785113780900884
      ],
      [
        0.49481220330353937,
        0.13439762598480126,
        1.0,
        0.1375058157480818,
        0.6680453565885969,
        0.028211233293547723,
        0.15336177423104919,
        0.0979357258106147,
        0.08161136479311351,
        0.04023393518434978
      ],
      [
        0.05170170684058846,
        0.012722217398318306,
        0.1375058157480818,
        1.0,
        0.13842818248787767,
        0.1379028985823218,
        0.7578411593257426,
        0.17829646868064025,
        0.004085994872886125,
        0.04954042160843101
      ],
      [
        0.3658072814027191,
        0.029724534969166258,
        0.6680453565885969,
        0.13842818248787767,
        1.0,
        0.08165566846833204,
        0.13269711790956373,
        0.0227263807132215,
        0.019136770009024442,
        0.019224172810541326
      ],
      [
        0.25737190272526833,
        0.06279455983867645,
        0.028211233293547723,
        0.1379028985823218,
        0.08165566846833204,
        1.0,
        0.19944332796719508,
        0.21110957660932603,
        0.07583325178104022,
        0.24482323718536225
      ],
      [
        0.05459188661283601,
        0.041277673151148574,
        0.15336177423104919,
        0.7578411593257426,
        0.13269711790956373,
        0.19944332796719508,
        1.0,
        0.16818915814886926,
        0.0035236201231617576,
        0.04745827859406968
      ],
      [
        0.011346386092475748,
        0.16509957145034393,
        0.0979357258106147,
        0.17829646868064025,
        0.0227263807132215,
        0.21110957660932603,
        0.16818915814886926,
        1.0,
        0.11533851169192616,
        0.7167918960362445
      ],
      [
        0.12461375408678146,
        0.5852109385993847,
        0.08161136479311351,
        0.004085994872886125,
        0.019136770009024442,
        0.07583325178104022,
        0.0035236201231617576,
        0.11533851169192616,
        1.0,
        0.18401663363456322
      ],
      [
        0.07522985666256292,
        0.11785113780900884,
        0.04023393518434978,
        0.04954042160843101,
        0.019224172810541326,
        0.24482323718536225,
        0.04745827859406968,
        0.7167918960362445,
        0.18401663363456322,
        1.0
      ]
    ],
    "gamma": [
      [
        1.0,
        0.24912882331448824,
        0.496745528845899,
        0.01947974691490549,
        0.36283188757859863,
        0.2675878464876694,
        0.026256586657180437,
        0.006536046452265759,
        0.15580800757706353,
        0.040236401118206304
      ],
      [
        0.24912882331448824,
        1.0,
        0.15752058770161037,
        0.01680394140820441,
        0.03898282885940212,
        0.0815921291565932,
        0.052134969575215254,
        0.09792333915577632,
        0.5889880197900651,
        0.037788350782148226
      ],
      [
        0.496745528845899,
        0.15752058770161037,
        1.0,
        0.05282779844997202,
        0.6801267439865043,
        0.01849816672188585,
        0.07214502632401637,
        0.09844735860337044,
        0.07814443700291399,
        0.018293406064828325
      ],
      [
        0.01947974691490549,
        0.01680394140820441,
        0.05282779844997202,
        1.0,
        0.06048383067922072,
        0.19127887164898516,
        0.7800209671360931,
        0.183087960971324,
        0.0010225883557844536,
        0.05384530666257854
      ],
      [
        0.36283188757859863,
        0.03898282885940212,
        0.6801267439865043,
        0.06048383067922072,
        1.0,
        0.055050644920768464,
        0.04184649534885711,
        0.006432654145713398,
        0.02030579261699912,
        0.028499301557089553
      ],
      [
        0.2675878464876694,
        0.0815921291565932,
        0.01849816672188585,
        0.19127887164898516,
        0.055050644920768464,
        1.0,
        0.27358805252375396,
        0.21338498258582997,
        0.0898039768569718,
        0.23700859506577204
      ],
      [
        0.026256586657180437,
        0.052134969575215254,
        0.07214502632401637,
        0.7800209671360931,
        0.04184649534885711,
        0.27358805252375396,
        1.0,
        0.17642749935345034,
        0.004325403686434114,
        0.05649301461588587
      ],
      [
        0.006536046452265759,
        0.09792333915577632,
        0.09844735860337044,
        0.183087960971324,
        0.006432654145713398,
        0.21338498258582997,
        0.17642749935345034,
        1.0,
        0.03775686362387247,
        0.7254670055584912
      ],
      [
        0.15580800757706353,
        0.5889880197900651,
        0.07814443700291399,
        0.0010225883557844536,
        0.02030579261699912,
        0.0898039768569718,
        0.004325403686434114,
        0.03775686362387247,
        1.0,
        0.12617350856522974
      ],
      [
        0.040236401118206304,
        0.037788350782148226,
        0.018293406064828325,
        0.05384530666257854,
        0.028499301557089553,
        0.23700859506577204,
        0.05649301461588587,
        0.7254670055584912,
        0.12617350856522974,
        1.0
      ]
    ],
    "full": [
      [
        1.0,
        0.16963661841357508,
        0.42800638956240455,
        0.11109647692546248,
        0.3435426704241914,
        0.2346055865610816,
        0.09796263525539468,
        0.03625608341026309,
        0.10272515152883997,
        0.08626462831484015
      ],
      [
        0.16963661841357508,
        1.0,
        0.11889914912899172,
        0.012695206403949761,
        0.02583917786663301,
        0.10940690490021371,
        0.035848708828356037,
        0.14727694620402637,
        0.5382952077036994,
        0.14176978236487695
      ],
      [
        0.42800638956240455,
        0.11889914912899172,
        1.0,
        0.10005954000728526,
        0.6352135026350846,
        0.0716566476338606,
        0.14321346593297563,
        0.07698538162291194,
        0.061315977273110375,
        0.049524532077240835
      ],
      [
        0.11109647692546248,
        0.012695206403949761,
        0.10005954000728526,
        1.0,
        0.11864777346349126,
        0.11875164101104059,
        0.7029886085326074,
        0.13751801086873797,
        0.003117105997631315,
        0.04211055438876761
      ],
      [
        0.3435426704241914,
        0.02583917786663301,
        0.6352135026350846,
        0.11864777346349126,
        1.0,
        0.08477889717006827,
        0.15494155749662428,
        0.034208595600862826,
        0.016441209187131274,
        0.017651821964269218
      ],
      [
        0.2346055865610816,
        0.10940690490021371,
        0.0716566476338606,
        0.11875164101104059,
        0.08477889717006827,
        1.0,
        0.1742732770123999,
        0.1822918992074178,
        0.08238006725501507,
        0.25182501986926964
      ],
      [
        0.09796263525539468,
        0.035848708828356037,
        0.14321346593297563,
        0.7029886085326074,
        0.15494155749662428,
        0.1742732770123999,
        1.0,
        0.13859835819488464,
        0.00325356187815997,
        0.03853026821059426
      ],
      [
        0.03625608341026309,
        0.14727694620402637,
        0.07698538162291194,
        0.13751801086873797,
        0.034208595600862826,
        0.1822918992074178,
        0.13859835819488464,
        1.0,
        0.0881989452508552,
        0.6655128919058734
      ],
      [
        0.10272515152883997,
        0.5382952077036994,
        0.061315977273110375,
        0.003117105997631315,
        0.016441209187131274,
        0.08238006725501507,
        0.00325356187815997,
        0.0881989452508552,
        1.0,
        0.1537106913808567
      ],
      [
        0.08626462831484015,
        0.14176978236487695,
        0.049524532077240835,
        0.04211055438876761,
        0.017651821964269218,
        0.25182501986926964,
        0.03853026821059426,
        0.6655128919058734,
        0.1537106913808567,
        1.0
      ]
    ]
  },
  "correlation": [
    [
      1.0,
      -0.3814331192069294,
      0.6198256190729451,
      0.1405269292978641,
      0.543815331155584,
      -0.5059617593820023,
      0.24903570509471962,
      -0.12748163310607016,
      -0.3667882980200427,
      -0.2866049607540972
    ],
    [
      -0.38143311920692946,
      0.9999999999999999,
      -0.3055816879629057,
      -0.34726626475603956,
      -0.17823848190432812,
      0.3683473776937153,
      -0.43370274036890477,
      -0.12053521150425672,
      0.7531621091549692,
      0.032905468431530395
    ],
    [
      0.6198256190729451,
      -0.30558168796290563,
      1.0,
      0.04023342762942996,
      0.7983512206394007,
      -0.246643089248824,
      -0.04528592889784023,
      0.076994049126982,
      -0.2726668997772045,
      -0.1255191261470177
    ],
    [
      0.1405269292978641,
      -0.3472662647560395,
      0.04023342762942996,
      0.9999999999999999,
      0.16450951046718962,
      -0.419082491570295,
      0.8543139151327573,
      -0.32669962941544745,
      -0.20830121955018535,
      -0.25096028170127643
    ],
    [
      0.543815331155584,
      -0.17823848190432812,
      0.7983512206394008,
      0.16450951046718962,
      1.0,
      -0.2723777345886361,
      0.033182902045305114,
      -0.2289045375115487,
      -0.22073066930137672,
      -0.40813989178527277
    ],
    [
      -0.5059617593820023,
      0.3683473776937153,
      -0.24664308924882403,
      -0.419082491570295,
      -0.2723777345886361,
      1.0,
      -0.48441078713770336,
      0.42376312698451335,
      0.3641155318308504,
      0.4734394982346071
    ],
    [
      0.24903570509471962,
      -0.43370274036890477,
      -0.04528592889784023,
      0.8543139151327575,
      0.033182902045305114,
      -0.48441078713770336,
      1.0,
      -0.30659051167026863,
      -0.2720583802711194,
      -0.2178322686689936
    ],
    [
      -0.12748163310607016,
      -0.12053521150425674,
      0.076994049126982,
      -0.3266996294154474,
      -0.2289045375115487,
      0.42376312698451335,
      -0.30659051167026863,
      1.0,
      0.14430140315200513,
      0.8397213921646567
    ],
    [
      -0.3667882980200427,
      0.7531621091549693,
      -0.2726668997772045,
      -0.20830121955018535,
      -0.22073066930137672,
      0.3641155318308504,
      -0.2720583802711194,
      0.14430140315200513,
      1.0,
      0.33696008947071415
    ],
    [
      -0.2866049607540972,
      0.032905468431530395,
      -0.1255191261470177,
      -0.2509602817012765,
      -0.40813989178527277,
      0.4734394982346072,
      -0.2178322686689936,
      0.8397213921646567,
      0.33696008947071415,
      1.0
    ]
  ],
  "mutual_information": [
    [
      0.0,
      0.7904383421716048,
      0.3686722221798217,
      0.3432476295699248,
      0.38752621847635915,
      0.49921759609802235,
      0.364781428573177,
      0.21876813473371065,
      0.3818429777392239,
      0.3180056996537676
    ],
    [
      0.7904383421716048,
      0.0,
      0.4067884568709104,
      0.4819854128894651,
      0.4954451996216769,
      0.513629242899068,
      0.541802378032,
      0.2766091119937851,
      0.5681702265879016,
      0.4809932439293871
    ],
    [
      0.3686722221798217,
      0.4067884568709104,
      0.0,
      0.3281179835245439,
      0.9999999998951266,
      0.2664082159451695,
      0.2643536867442869,
      0.23611995256303703,
      0.3530188830587084,
      0.2794098992553969
    ],
    [
      0.3432476295699248,
      0.4819854128894651,
      0.3281179835245439,
      0.0,
      0.4483007439079688,
      0.48265949783267464,
      0.7227587489716025,
      0.3897692012104408,
      0.341213374906244,
      0.3836062788414347
    ],
    [
      0.38752621847635915,
      0.4954451996216769,
      0.9999999998951266,
      0.4483007439079688,
      0.0,
      0.3478748568183857,
      0.4827995427785846,
      0.3907278552591381,
      0.3482591421571411,
      0.5403753376348719
    ],
    [
      0.49921759609802235,
      0.513629242899068,
      0.2664082159451695,
      0.48265949783267464,
      0.3478748568183857,
      0.0,
      0.7099520232779639,
      0.33668143475333906,
      0.413149870382093,
      0.40874322534322555
    ],
    [
      0.364781428573177,
      0.541802378032,
      0.2643536867442869,
      0.7227587489716025,
      0.4827995427785846,
      0.7099520232779639,
      0.0,
      0.4511229137350479,
      0.37586044992658557,
      0.4511466211563054
    ],
    [
      0.21876813473371065,
      0.2766091119937851,
      0.23611995256303703,
      0.3897692012104408,
      0.3907278552591381,
      0.33668143475333906,
      0.4511229137350479,
      0.0,
      0.2485027010474277,
      0.7674810402969805
    ],
    [
      0.3818429777392239,
      0.5681702265879016,
      0.3530188830587084,
      0.341213374906244,
      0.3482591421571411,
      0.413149870382093,
      0.37586044992658557,
      0.2485027010474277,
      0.0,
      0.4038890511705255
    ],
    [
      0.3180056996537676,
      0.4809932439293871,
      0.2794098992553969,
      0.3836062788414347,
      0.5403753376348719,
      0.40874322534322555,
      0.4511466211563054,
      0.7674810402969805,
      0.4038890511705255,
      0.0
    ]
  ],
  "network": {
    "global_metrics": {
      "n_nodes": 10,
      "n_edges": 11,
      "density": 0.24444444444444444,
      "is_connected": true,
      "diameter": 5,
      "average_path_length": 2.422222222222222,
      "global_efficiency": 0.5266666666666671,
      "avg_clustering": 0.4333333333333333,
      "transitivity": 0.3333333333333333,
      "assortativity": -0.03623188405797082,
      "small_worldness": 0.0,
      "modularity": 0.5830055662776861
    },
    "nodal_metrics": {
      "LT_TA": {
        "degree": 4,
        "degree_centrality": 0.4444444444444444,
        "betweenness_centrality": 0.6666666666666666,
        "closeness_centrality": 0.6,
        "eigenvector_centrality": 0.5057779008183081,
        "pagerank": 0.12531002352887424,
        "clustering": 0.16666666666666666
      },
      "LT_GL": {
        "degree": 2,
        "degree_centrality": 0.2222222222222222,
        "betweenness_centrality": 0.2222222222222222,
        "closeness_centrality": 0.42857142857142855,
        "eigenvector_centrality": 0.22242994408715497,
        "pagerank": 0.09568241359984943,
        "clustering": 0
      },
      "LT_RF": {
        "degree": 2,
        "degree_centrality": 0.2222222222222222,
        "betweenness_centrality": 0.0,
        "closeness_centrality": 0.4090909090909091,
        "eigenvector_centrality": 0.3063283071700264,
        "pagerank": 0.11004317489067818,
        "clustering": 1.0
      },
      "LT_HAM": {
        "degree": 1,
        "degree_centrality": 0.1111111111111111,
        "betweenness_centrality": 0.0,
        "closeness_centrality": 0.3103448275862069,
        "eigenvector_centrality": 0.08390215414339862,
        "pagerank": 0.0872174051648643,
        "clustering": 0
      },
      "LT_VL": {
        "degree": 2,
        "degree_centrality": 0.2222222222222222,
        "betweenness_centrality": 0.0,
        "closeness_centrality": 0.4090909090909091,
        "eigenvector_centrality": 0.3063283071700264,
        "pagerank": 0.10200398873761353,
        "clustering": 1.0
      },
      "RT_TA": {
        "degree": 4,
        "degree_centrality": 0.4444444444444444,
        "betweenness_centrality": 0.6666666666666666,
        "closeness_centrality": 0.6,
        "eigenvector_centrality": 0.5057779008183082,
        "pagerank": 0.09610863073401979,
        "clustering": 0.16666666666666666
      },
      "RT_GL": {
        "degree": 2,
        "degree_centrality": 0.2222222222222222,
        "betweenness_centrality": 0.2222222222222222,
        "closeness_centrality": 0.42857142857142855,
        "eigenvector_centrality": 0.22242994408715497,
        "pagerank": 0.10602033076230234,
        "clustering": 0
      },
      "RT_RF": {
        "degree": 2,
        "degree_centrality": 0.2222222222222222,
        "betweenness_centrality": 0.0,
        "closeness_centrality": 0.4090909090909091,
        "eigenvector_centrality": 0.3063283071700264,
        "pagerank": 0.09678821035357471,
        "clustering": 1.0
      },
      "RT_HAM": {
        "degree": 1,
        "degree_centrality": 0.1111111111111111,
        "betweenness_centrality": 0.0,
        "closeness_centrality": 0.3103448275862069,
        "eigenvector_centrality": 0.08390215414339863,
        "pagerank": 0.07684186083754423,
        "clustering": 0
      },
      "RT_VL": {
        "degree": 2,
        "degree_centrality": 0.2222222222222222,
        "betweenness_centrality": 0.0,
        "closeness_centrality": 0.4090909090909091,
        "eigenvector_centrality": 0.3063283071700264,
        "pagerank": 0.1039839613906791,
        "clustering": 1.0
      }
    },
    "communities": {
      "LT_TA": 2,
      "LT_GL": 1,
      "LT_RF": 2,
      "LT_HAM": 0,
      "LT_VL": 2,
      "RT_TA": 3,
      "RT_GL": 0,
      "RT_RF": 3,
      "RT_HAM": 1,
      "RT_VL": 3
    }
  },
  "analysis_time": 131.95081496238708
}