{
  "subject_id": "S13",
  "data_info": {
    "duration": 245.2005,
    "sampling_rate": 2000
  },
  "quality_metrics": {
    "channel_0": {
      "snr_db": -65.92152871601253,
      "rms": 0.2179266613733159,
      "peak_to_peak": 1.0473426755238986
    },
    "channel_1": {
      "snr_db": -66.32056441844361,
      "rms": 0.2965128322559201,
      "peak_to_peak": 1.057874794189001
    },
    "channel_2": {
      "snr_db": -66.68780769326767,
      "rms": 0.2890085986346776,
      "peak_to_peak": 0.9244319655833005
    },
    "channel_3": {
      "snr_db": -64.48539067646612,
      "rms": 0.29301032371282665,
      "peak_to_peak": 1.0537289997207577
    },
    "channel_4": {
      "snr_db": -68.80233933586075,
      "rms": 0.3436011748813471,
      "peak_to_peak": 1.1485899484010296
    },
    "channel_5": {
      "snr_db": -62.81920502912137,
      "rms": 0.3680234664469236,
      "peak_to_peak": 1.0387325389528228
    },
    "channel_6": {
      "snr_db": -65.83833479274735,
      "rms": 0.2632524490311491,
      "peak_to_peak": 1.0468841600685905
    },
    "channel_7": {
      "snr_db": -66.35424872783864,
      "rms": 0.29788732574682997,
      "peak_to_peak": 0.9960202871453637
    },
    "channel_8": {
      "snr_db": -66.20778755506069,
      "rms": 0.30438062287108686,
      "peak_to_peak": 1.0234892202066133
    },
    "channel_9": {
      "snr_db": -65.151854743619,
      "rms": 0.2884357832858934,
      "peak_to_peak": 1.0457859824050861
    }
  },
  "n_cycles": 200,
  "coherence": {
    "delta": [
      [
        1.0,
        0.013930210466070719,
        0.024861947206836994,
        0.0033085756400061607,
        0.15870613281094084,
        0.06360220779717214,
        0.0007089563077188679,
        0.1558002529991418,
        0.2279060008795979,
        0.1560998589172685
      ],
      [
        0.013930210466070719,
        1.0,
        0.040379550333455874,
        0.5827122168250867,
        0.07944130816066734,
        0.32893199529566985,
        0.1428913865386388,
        0.05695855971827911,
        0.014368795628906512,
        0.04035500606063898
      ],
      [
        0.024861947206836994,
        0.040379550333455874,
        1.0,
        0.05238695751465226,
        0.03430123762709389,
        0.000539278448109482,
        0.16601398128143835,
        0.021710404806671614,
        0.002761232322974272,
        0.01995844991480035
      ],
      [
        0.0033085756400061607,
        0.5827122168250867,
        0.05238695751465226,
        1.0,
        0.040835832748447015,
        0.2219231514424248,
        0.11339940905317472,
        0.018284249558118495,
        0.020678074972173315,
        0.003309863516325957
      ],
      [
        0.15870613281094084,
        0.07944130816066734,
        0.03430123762709389,
        0.040835832748447015,
        1.0,
        0.034719247126614304,
        0.03372182616454073,
        0.24302371773293546,
        0.004340079119478696,
        0.2128643724622484
      ],
      [
        0.06360220779717214,
        0.32893199529566985,
        0.000539278448109482,
        0.2219231514424248,
        0.034719247126614304,
        1.0,
        0.07583238414713295,
        0.03177241659669279,
        0.026458695461927785,
        0.06821694832370495
      ],
      [
        0.0007089563077188679,
        0.1428913865386388,
        0.16601398128143835,
        0.11339940905317472,
        0.03372182616454073,
        0.07583238414713295,
        1.0,
        0.01479337188101308,
        0.004992969326149718,
        0.020728837372593123
      ],
      [
        0.1558002529991418,
        0.05695855971827911,
        0.021710404806671614,
        0.018284249558118495,
        0.24302371773293546,
        0.03177241659669279,
        0.01479337188101308,
        1.0,
        0.07225618407772777,
        0.730545278897353
      ],
      [
        0.2279060008795979,
        0.014368795628906512,
        0.002761232322974272,
        0.020678074972173315,
        0.004340079119478696,
        0.026458695461927785,
        0.004992969326149718,
        0.07225618407772777,
        1.0,
        0.0732931808978754
      ],
      [
        0.1560998589172685,
        0.04035500606063898,
        0.01995844991480035,
        0.003309863516325957,
        0.2128643724622484,
        0.06821694832370495,
        0.020728837372593123,
        0.730545278897353,
        0.0732931808978754,
        1.0
      ]
    ],
    "theta": [
      [
        1.0,
        0.027433994651019596,
        0.028674694457439653,
        0.0023956644206822387,
        0.1651394253249965,
        0.19474334679650074,
        0.0001963039161986386,
        0.14755631098048275,
        0.17214917801131693,
        0.1438726226612272
      ],
      [
        0.027433994651019596,
        1.0,
        0.042722639628448196,
        0.4515920185285371,
        0.061681259888315555,
        0.2936692929199515,
        0.10298596202790967,
        0.05545243878280985,
        0.01498716819260958,
        0.06438030197541347
      ],
      [
        0.028674694457439653,
        0.042722639628448196,
        1.0,
        0.09617876645744936,
        0.02030312839541709,
        0.0021169881510156264,
        0.08892182521064969,
        0.014513171043749114,
        0.0023194812756926,
        0.007228476953969268
      ],
      [
        0.0023956644206822387,
        0.4515920185285371,
        0.09617876645744936,
        1.0,
        0.05102039272303724,
        0.16710295150291424,
        0.06182554613321471,
        0.008311264702735029,
        0.00652699179526334,
        0.0002673106643564877
      ],
      [
        0.1651394253249965,
        0.061681259888315555,
        0.02030312839541709,
        0.05102039272303724,
        1.0,
        0.048908867915774985,
        0.028233276852595957,
        0.16322779918715408,
        0.004132523726775294,
        0.13318246062206798
      ],
      [
        0.19474334679650074,
        0.2936692929199515,
        0.0021169881510156264,
        0.16710295150291424,
        0.048908867915774985,
        1.0,
        0.05885812196467311,
        0.03098507487410445,
        0.032162789875003164,
        0.08895003699773149
      ],
      [
        0.0001963039161986386,
        0.10298596202790967,
        0.08892182521064969,
        0.06182554613321471,
        0.028233276852595957,
        0.05885812196467311,
        1.0,
        0.006078751759206636,
        0.0053595443337919185,
        0.021149578296723644
      ],
      [
        0.14755631098048275,
        0.05545243878280985,
        0.014513171043749114,
        0.008311264702735029,
        0.16322779918715408,
        0.03098507487410445,
        0.006078751759206636,
        1.0,
        0.10155868000172213,
        0.616428626761118
      ],
      [
        0.17214917801131693,
        0.01498716819260958,
        0.0023194812756926,
        0.00652699179526334,
        0.004132523726775294,
        0.032162789875003164,
        0.0053595443337919185,
        0.10155868000172213,
        1.0,
        0.11761786855968832
      ],
      [
        0.1438726226612272,
        0.06438030197541347,
        0.007228476953969268,
        0.0002673106643564877,
        0.13318246062206798,
        0.08895003699773149,
        0.021149578296723644,
        0.616428626761118,
        0.11761786855968832,
        1.0
      ]
    ],
    "alpha": [
      [
        1.0,
        0.06930947208821665,
        0.031670621030868894,
        0.04192634760757167,
        0.07647446014786304,
        0.04820622450739452,
        0.0014440405287921405,
        0.25044250376106353,
        0.2340521383570173,
        0.21255592325197042
      ],
      [
        0.06930947208821665,
        1.0,
        0.10540501498213516,
        0.6846301432308776,
        0.09497524818204175,
        0.23049771396665505,
        0.18684449297038663,
        0.05375533055579029,
        0.0651832750400451,
        0.03853005383767264
      ],
      [
        0.031670621030868894,
        0.10540501498213516,
        1.0,
        0.10769288349054565,
        0.0435807319480872,
        0.0007671508543515368,
        0.1828640806237082,
        0.062470042534925344,
        0.0030482100317809602,
        0.05064693855628617
      ],
      [
        0.04192634760757167,
        0.6846301432308776,
        0.10769288349054565,
        1.0,
        0.10089877411198969,
        0.18843940910950543,
        0.1333054631194042,
        0.019203785271724654,
        0.04355241206194822,
        0.0018380529540962258
      ],
      [
        0.07647446014786304,
        0.09497524818204175,
        0.0435807319480872,
        0.10089877411198969,
        1.0,
        0.02759811321573939,
        0.03296853115188106,
        0.18259850341803155,
        0.061509734537203986,
        0.2014762092758699
      ],
      [
        0.04820622450739452,
        0.23049771396665505,
        0.0007671508543515368,
        0.18843940910950543,
        0.02759811321573939,
        1.0,
        0.01888840849153994,
        0.03237872205873912,
        0.0188644222493836,
        0.06716786646674633
      ],
      [
        0.0014440405287921405,
        0.18684449297038663,
        0.1828640806237082,
        0.1333054631194042,
        0.03296853115188106,
        0.01888840849153994,
        1.0,
        0.07883811574535712,
        0.003492490513344209,
        0.06813576644983364
      ],
      [
        0.25044250376106353,
        0.05375533055579029,
        0.062470042534925344,
        0.019203785271724654,
        0.18259850341803155,
        0.03237872205873912,
        0.07883811574535712,
        1.0,
        0.14388896104669593,
        0.761298042487392
      ],
      [
        0.2340521383570173,
        0.0651832750400451,
        0.0030482100317809602,
        0.04355241206194822,
        0.061509734537203986,
        0.0188644222493836,
        0.003492490513344209,
        0.14388896104669593,
        1.0,
        0.16314951209571862
      ],
      [
        0.21255592325197042,
        0.03853005383767264,
        0.05064693855628617,
        0.0018380529540962258,
        0.2014762092758699,
        0.06716786646674633,
        0.06813576644983364,
        0.761298042487392,
        0.16314951209571862,
        1.0
      ]
    ],
    "beta": [
      [
        1.0,
        0.14325616952500414,
        0.02605620051315504,
        0.07679858558957767,
        0.24358703933461767,
        0.18766707661340315,
        0.0037713777415724326,
        0.11943434734296221,
        0.3750226522590084,
        0.10758452641029112
      ],
      [
        0.14325616952500414,
        1.0,
        0.08837691656268043,
        0.8309128249605353,
        0.18960778694763614,
        0.23179816825950966,
        0.11413724122332441,
        0.03516641953074374,
        0.07806515148577894,
        0.015463528238866283
      ],
      [
        0.02605620051315504,
        0.08837691656268043,
        1.0,
        0.12626887920821586,
        0.039592498161004235,
        0.0029495823591156045,
        0.2955754950504418,
        0.0599753369414656,
        0.0024044281884836984,
        0.05342613783940835
      ],
      [
        0.07679858558957767,
        0.8309128249605353,
        0.12626887920821586,
        1.0,
        0.12878472202690266,
        0.19382600559737617,
        0.0886124327259715,
        0.0037842450262659502,
        0.051366843000228965,
        0.0022815531272877623
      ],
      [
        0.24358703933461767,
        0.18960778694763614,
        0.039592498161004235,
        0.12878472202690266,
        1.0,
        0.05800187826090092,
        0.038624088453657446,
        0.3812172181175727,
        0.05643338023662557,
        0.3535778153738679
      ],
      [
        0.18766707661340315,
        0.23179816825950966,
        0.0029495823591156045,
        0.19382600559737617,
        0.05800187826090092,
        1.0,
        0.06638815685464967,
        0.020607450736177743,
        0.03728475625091475,
        0.03748451217044036
      ],
      [
        0.0037713777415724326,
        0.11413724122332441,
        0.2955754950504418,
        0.0886124327259715,
        0.038624088453657446,
        0.06638815685464967,
        1.0,
        0.1321011187327194,
        0.005317506175290003,
        0.1047937376378388
      ],
      [
        0.11943434734296221,
        0.03516641953074374,
        0.0599753369414656,
        0.0037842450262659502,
        0.3812172181175727,
        0.020607450736177743,
        0.1321011187327194,
        1.0,
        0.1150739206224832,
        0.8967498881222231
      ],
      [
        0.3750226522590084,
        0.07806515148577894,
        0.0024044281884836984,
        0.051366843000228965,
        0.05643338023662557,
        0.03728475625091475,
        0.005317506175290003,
        0.1150739206224832,
        1.0,
        0.15292480347218795
      ],
      [
        0.10758452641029112,
        0.015463528238866283,
        0.05342613783940835,
        0.0022815531272877623,
        0.3535778153738679,
        0.03748451217044036,
        0.1047937376378388,
        0.8967498881222231,
        0.15292480347218795,
        1.0
      ]
    ],
    "gamma": [
      [
        1.0,
        0.15977810094143866,
        0.02231823579233706,
        0.08617845558027061,
        0.24317067747284565,
        0.2396125144843982,
        0.00620228373095241,
        0.03979886592759811,
        0.3811572073200197,
        0.033879543048659616
      ],
      [
        0.15977810094143866,
        1.0,
        0.05687321314341455,
        0.8504953542692224,
        0.20761512877059837,
        0.21785399527953792,
        0.04409136093244296,
        0.02472788244530612,
        0.0717342628088506,
        0.005611707831299887
      ],
      [
        0.02231823579233706,
        0.05687321314341455,
        1.0,
        0.11484368059249583,
        0.016978466156000394,
        0.005027634432282516,
        0.29321759778469286,
        0.045492270874789756,
        0.0013109052772242356,
        0.04377783897808171
      ],
      [
        0.08617845558027061,
        0.8504953542692224,
        0.11484368059249583,
        1.0,
        0.13817189829751075,
        0.17676934313232415,
        0.02901937382829468,
        0.0005704658605825818,
        0.050940518744132156,
        0.006092598619057895
      ],
      [
        0.24317067747284565,
        0.20761512877059837,
        0.016978466156000394,
        0.13817189829751075,
        1.0,
        0.0689752841146362,
        0.014370129735997068,
        0.41049484297891264,
        0.025885931668045186,
        0.36872640422456593
      ],
      [
        0.2396125144843982,
        0.21785399527953792,
        0.005027634432282516,
        0.17676934313232415,
        0.0689752841146362,
        1.0,
        0.09243892406368788,
        0.00833839054116391,
        0.03865843267348151,
        0.016146663322345548
      ],
      [
        0.00620228373095241,
        0.04409136093244296,
        0.29321759778469286,
        0.02901937382829468,
        0.014370129735997068,
        0.09243892406368788,
        1.0,
        0.14032950371045053,
        0.0032960354415917355,
        0.11239086330612313
      ],
      [
        0.03979886592759811,
        0.02472788244530612,
        0.045492270874789756,
        0.0005704658605825818,
        0.41049484297891264,
        0.00833839054116391,
        0.14032950371045053,
        1.0,
        0.07885732096292933,
        0.9105808869952398
      ],
      [
        0.3811572073200197,
        0.0717342628088506,
        0.0013109052772242356,
        0.050940518744132156,
        0.025885931668045186,
        0.03865843267348151,
        0.0032960354415917355,
        0.07885732096292933,
        1.0,
        0.12807947605902423
      ],
      [
        0.033879543048659616,
        0.005611707831299887,
        0.04377783897808171,
        0.006092598619057895,
        0.36872640422456593,
        0.016146663322345548,
        0.11239086330612313,
        0.9105808869952398,
        0.12807947605902423,
        1.0
      ]
    ],
    "full": [
      [
        1.0,
        0.11511685157527599,
        0.025068091608945228,
        0.06069429104368692,
        0.21147905352288004,
        0.17837575890568028,
        0.0037811682062677144,
        0.10664084921151303,
        0.32829922798182015,
        0.09756646804863055
      ],
      [
        0.11511685157527599,
        1.0,
        0.06667388363425304,
        0.7598288205075262,
        0.16246507046424832,
        0.24603797283951342,
        0.09635530751008356,
        0.0374946137788203,
        0.05998768880598741,
        0.021041001542025276
      ],
      [
        0.025068091608945228,
        0.06667388363425304,
        1.0,
        0.10676457575174171,
        0.028903743001670076,
        0.0031460921153431626,
        0.2501695259632667,
        0.045212825025525295,
        0.0020817226994983137,
        0.040798927814453705
      ],
      [
        0.06069429104368692,
        0.7598288205075262,
        0.10676457575174171,
        1.0,
        0.11073763168669888,
        0.1891184155037227,
        0.07088280210802521,
        0.00631329680759026,
        0.04243119380947191,
        0.0037164843273496265
      ],
      [
        0.21147905352288004,
        0.16246507046424832,
        0.028903743001670076,
        0.11073763168669888,
        1.0,
        0.05560226223088674,
        0.027307112525244127,
        0.33917052503353157,
        0.03303735352228191,
        0.3091023613415951
      ],
      [
        0.17837575890568028,
        0.24603797283951342,
        0.0031460921153431626,
        0.1891184155037227,
        0.05560226223088674,
        1.0,
        0.07362758049903978,
        0.019310029675135357,
        0.034336599339946844,
        0.04024793580041361
      ],
      [
        0.0037811682062677144,
        0.09635530751008356,
        0.2501695259632667,
        0.07088280210802521,
        0.027307112525244127,
        0.07362758049903978,
        1.0,
        0.10342735421151694,
        0.004352936569888789,
        0.08552863742874725
      ],
      [
        0.10664084921151303,
        0.0374946137788203,
        0.045212825025525295,
        0.00631329680759026,
        0.33917052503353157,
        0.019310029675135357,
        0.10342735421151694,
        1.0,
        0.09573402280834253,
        0.8445170165006389
      ],
      [
        0.32829922798182015,
        0.05998768880598741,
        0.0020817226994983137,
        0.04243119380947191,
        0.03303735352228191,
        0.034336599339946844,
        0.004352936569888789,
        0.09573402280834253,
        1.0,
        0.12918848743346392
      ],
      [
        0.09756646804863055,
        0.021041001542025276,
        0.040798927814453705,
        0.0037164843273496265,
        0.3091023613415951,
        0.04024793580041361,
        0.08552863742874725,
        0.8445170165006389,
        0.12918848743346392,
        1.0
      ]
    ]
  },
  "correlation": [
    [
      1.0,
      -0.3645226714261273,
      0.019996279745180645,
      -0.3018110992329246,
      -0.4271079391030276,
      0.5458566393336157,
      -0.32952599511936537,
      0.06071282059591772,
      0.5253204394000188,
      0.12647967972151647
    ],
    [
      -0.3645226714261274,
      1.0,
      0.30846044773467496,
      0.912295685105417,
      0.31071150812432924,
      -0.39760029999471086,
      0.10032658173880184,
      -0.15786529404189115,
      -0.29077997790140375,
      -0.2572962206093721
    ],
    [
      0.019996279745180645,
      0.30846044773467496,
      0.9999999999999999,
      0.38543307641531804,
      0.10733430068396127,
      -0.09059764588036115,
      0.45277989838733473,
      -0.25535790561841565,
      -0.10565527371046753,
      -0.28596865774502134
    ],
    [
      -0.3018110992329246,
      0.9122956851054171,
      0.38543307641531804,
      1.0,
      0.2131749031838491,
      -0.34316895097346883,
      0.18934184351791497,
      -0.30234138124110765,
      -0.3065473825224635,
      -0.3966598128789522
    ],
    [
      -0.4271079391030276,
      0.31071150812432924,
      0.10733430068396127,
      0.2131749031838491,
      0.9999999999999998,
      -0.2654601326428015,
      0.1518066330224053,
      0.4731776521500205,
      -0.051778038593192695,
      0.4242990334979532
    ],
    [
      0.5458566393336156,
      -0.39760029999471086,
      -0.09059764588036115,
      -0.3431689509734688,
      -0.26546013264280144,
      1.0,
      -0.46282452307202393,
      0.1648056135709499,
      0.21803027014563123,
      0.18812106919164812
    ],
    [
      -0.32952599511936537,
      0.10032658173880184,
      0.45277989838733473,
      0.18934184351791497,
      0.1518066330224053,
      -0.4628245230720239,
      1.0,
      -0.3584119633928954,
      -0.10462697538758019,
      -0.34707527206204053
    ],
    [
      0.060712820595917726,
      -0.15786529404189117,
      -0.25535790561841565,
      -0.30234138124110765,
      0.4731776521500205,
      0.1648056135709499,
      -0.3584119633928954,
      1.0,
      0.31216771142979527,
      0.9476379639996522
    ],
    [
      0.5253204394000188,
      -0.29077997790140375,
      -0.10565527371046753,
      -0.3065473825224635,
      -0.051778038593192695,
      0.21803027014563126,
      -0.10462697538758019,
      0.3121677114297952,
      1.0,
      0.37964896986721813
    ],
    [
      0.12647967972151644,
      -0.2572962206093721,
      -0.28596865774502134,
      -0.3966598128789522,
      0.4242990334979532,
      0.18812106919164812,
      -0.3470752720620405,
      0.9476379639996523,
      0.37964896986721813,
      1.0
    ]
  ],
  "mutual_information": [
    [
      0.0,
      0.425204643387705,
      0.33935334143969526,
      0.44031700126084206,
      0.4662088229262315,
      0.8076655032169371,
      0.6008747543458755,
      0.4262787850752986,
      0.4724554928794733,
      0.5168540505820857
    ],
    [
      0.425204643387705,
      0.0,
      0.2994191041035669,
      0.94285315992712,
      0.4139051759455157,
      0.418497578813706,
      0.4333765939722315,
      0.33626424302644814,
      0.30031274731682167,
      0.4116063840765825
    ],
    [
      0.33935334143969526,
      0.2994191041035669,
      0.0,
      0.4016667474436332,
      0.22915222896833165,
      0.3353127792306123,
      0.3797059624282119,
      0.3335789237678977,
      0.3074924771090981,
      0.33760009655476114
    ],
    [
      0.44031700126084206,
      0.94285315992712,
      0.4016667474436332,
      0.0,
      0.387389934239615,
      0.47036016989330115,
      0.5440718689728493,
      0.5114796616244036,
      0.35669248535369746,
      0.6309764803898675
    ],
    [
      0.4662088229262315,
      0.4139051759455157,
      0.22915222896833165,
      0.387389934239615,
      0.0,
      0.4279222495189105,
      0.2995720930516445,
      0.37516476743219934,
      0.24219706618548112,
      0.44811604104836533
    ],
    [
      0.8076655032169371,
      0.418497578813706,
      0.3353127792306123,
      0.47036016989330115,
      0.4279222495189105,
      0.0,
      0.7435773160664269,
      0.33754818668967324,
      0.41076835697376984,
      0.3709008994839064
    ],
    [
      0.6008747543458755,
      0.4333765939722315,
      0.3797059624282119,
      0.5440718689728493,
      0.2995720930516445,
      0.7435773160664269,
      0.0,
      0.4343023544650146,
      0.3136343092761499,
      0.39543432827552155
    ],
    [
      0.4262787850752986,
      0.33626424302644814,
      0.3335789237678977,
      0.5114796616244036,
      0.37516476743219934,
      0.33754818668967324,
      0.4343023544650146,
      0.0,
      0.3626956536931591,
      0.9999999999019584
    ],
    [
      0.4724554928794733,
      0.30031274731682167,
      0.3074924771090981,
      0.35669248535369746,
      0.24219706618548112,
      0.41076835697376984,
      0.3136343092761499,
      0.3626956536931591,
      0.0,
      0.4078741004389763
    ],
    [
      0.5168540505820857,
      0.4116063840765825,
      0.33760009655476114,
      0.6309764803898675,
      0.44811604104836533,
      0.3709008994839064,
      0.39543432827552155,
      0.9999999999019584,
      0.4078741004389763,
      0.0
    ]
  ],
  "network": {
    "global_metrics": {
      "n_nodes": 10,
      "n_edges": 11,
      "density": 0.24444444444444444,
      "is_connected": false,
      "diameter": 3,
      "average_path_length": 1.9285714285714286,
      "global_efficiency": 0.630952380952381,
      "largest_component_size": 8,
      "avg_clustering": 0.38333333333333336,
      "transitivity": 0.3333333333333333,
      "assortativity": 0.16190476190476236,
      "small_worldness": 0.0,
      "modularity": 0.5109291201519895
    },
    "nodal_metrics": {
      "LT_TA": {
        "degree": 3,
        "degree_centrality": 0.3333333333333333,
        "betweenness_centrality": 0.20833333333333331,
        "closeness_centrality": 0.494949494949495,
        "eigenvector_centrality": 0.3730914500576854,
        "pagerank": 0.09824909322403268,
        "clustering": 0
      },
      "LT_GL": {
        "degree": 3,
        "degree_centrality": 0.3333333333333333,
        "betweenness_centrality": 0.125,
        "closeness_centrality": 0.4537037037037037,
        "eigenvector_centrality": 0.43352242999584706,
        "pagerank": 0.12765938414983985,
        "clustering": 0.3333333333333333
      },
      "LT_RF": {
        "degree": 1,
        "degree_centrality": 0.1111111111111111,
        "betweenness_centrality": 0.0,
        "closeness_centrality": 0.1111111111111111,
        "eigenvector_centrality": 2.6875685386249023e-08,
        "pagerank": 0.1,
        "clustering": 0
      },
      "LT_HAM": {
        "degree": 2,
        "degree_centrality": 0.2222222222222222,
        "betweenness_centrality": 0.0,
        "closeness_centrality": 0.362962962962963,
        "eigenvector_centrality": 0.30201170797842103,
        "pagerank": 0.10561077191592722,
        "clustering": 1.0
      },
      "LT_VL": {
        "degree": 4,
        "degree_centrality": 0.4444444444444444,
        "betweenness_centrality": 0.3055555555555555,
        "closeness_centrality": 0.5444444444444444,
        "eigenvector_centrality": 0.49496142556411427,
        "pagerank": 0.10888800069489689,
        "clustering": 0.16666666666666666
      },
      "RT_TA": {
        "degree": 3,
        "degree_centrality": 0.3333333333333333,
        "betweenness_centrality": 0.08333333333333333,
        "closeness_centrality": 0.4188034188034188,
        "eigenvector_centrality": 0.4011414043223576,
        "pagerank": 0.07648484136817464,
        "clustering": 0.3333333333333333
      },
      "RT_GL": {
        "degree": 1,
        "degree_centrality": 0.1111111111111111,
        "betweenness_centrality": 0.0,
        "closeness_centrality": 0.1111111111111111,
        "eigenvector_centrality": 2.6875685386249023e-08,
        "pagerank": 0.1,
        "clustering": 0
      },
      "RT_RF": {
        "degree": 2,
        "degree_centrality": 0.2222222222222222,
        "betweenness_centrality": 0.0,
        "closeness_centrality": 0.362962962962963,
        "eigenvector_centrality": 0.28064582219619394,
        "pagerank": 0.11637116364434215,
        "clustering": 1.0
      },
      "RT_HAM": {
        "degree": 1,
        "degree_centrality": 0.1111111111111111,
        "betweenness_centrality": 0.0,
        "closeness_centrality": 0.3202614379084967,
        "eigenvector_centrality": 0.13499854346538834,
        "pagerank": 0.05317752020935192,
        "clustering": 0
      },
      "RT_VL": {
        "degree": 2,
        "degree_centrality": 0.2222222222222222,
        "betweenness_centrality": 0.0,
        "closeness_centrality": 0.362962962962963,
        "eigenvector_centrality": 0.28064582219619394,
        "pagerank": 0.11355922479343455,
        "clustering": 1.0
      }
    },
    "communities": {
      "LT_TA": 0,
      "LT_GL": 3,
      "LT_RF": 2,
      "LT_HAM": 3,
      "LT_VL": 1,
      "RT_TA": 3,
      "RT_GL": 2,
      "RT_RF": 1,
      "RT_HAM": 0,
      "RT_VL": 1
    }
  },
  "analysis_time": 100.48689794540405
}