{
  "subject_id": "S14",
  "data_info": {
    "duration": 312.6605,
    "sampling_rate": 2000
  },
  "quality_metrics": {
    "channel_0": {
      "snr_db": -66.49744744100263,
      "rms": 0.3158575005540848,
      "peak_to_peak": 1.0322521345524318
    },
    "channel_1": {
      "snr_db": -66.36425222913336,
      "rms": 0.23606557169189152,
      "peak_to_peak": 1.0414028600825935
    },
    "channel_2": {
      "snr_db": -65.48132724249653,
      "rms": 0.22951770557055765,
      "peak_to_peak": 1.0159892946721656
    },
    "channel_3": {
      "snr_db": -66.19894245835303,
      "rms": 0.25007068821028156,
      "peak_to_peak": 1.0189793784664873
    },
    "channel_4": {
      "snr_db": -65.40576252458219,
      "rms": 0.21652446916414844,
      "peak_to_peak": 1.043078577380346
    },
    "channel_5": {
      "snr_db": -66.33218763267865,
      "rms": 0.3183922078696332,
      "peak_to_peak": 1.0219463457003406
    },
    "channel_6": {
      "snr_db": -66.43881000603179,
      "rms": 0.2320136092990081,
      "peak_to_peak": 1.0201189459241942
    },
    "channel_7": {
      "snr_db": -67.07361308380837,
      "rms": 0.22173395292469736,
      "peak_to_peak": 0.997017706099642
    },
    "channel_8": {
      "snr_db": -65.41257925692692,
      "rms": 0.23777148217605007,
      "peak_to_peak": 1.0166301902809178
    },
    "channel_9": {
      "snr_db": -65.08400023402653,
      "rms": 0.2137713793892507,
      "peak_to_peak": 1.0019302445695801
    }
  },
  "n_cycles": 173,
  "coherence": {
    "delta": [
      [
        1.0,
        0.02985948877108033,
        0.22120141863983578,
        0.12091877264429232,
        0.13638524149739423,
        0.13182802365915627,
        0.1760085140426715,
        0.0034468822147924586,
        0.02538146765877524,
        0.015871400855747238
      ],
      [
        0.02985948877108033,
        1.0,
        0.0019935723402799456,
        0.0005216022908624947,
        0.0009293677949226499,
        0.35405964927110223,
        0.011171109742755193,
        0.09362590261645627,
        0.44082257387129115,
        0.11702197412507433
      ],
      [
        0.22120141863983578,
        0.0019935723402799456,
        1.0,
        0.11484202836523728,
        0.6795830269800796,
        0.04203724716810902,
        0.21352597552363647,
        0.05271957383498265,
        0.003484572754638188,
        0.0007446527477338319
      ],
      [
        0.12091877264429232,
        0.0005216022908624947,
        0.11484202836523728,
        1.0,
        0.12269256520899513,
        0.007598406126043093,
        0.2397023446457566,
        0.01167514941288933,
        0.004080274785026017,
        0.0033900158061395923
      ],
      [
        0.13638524149739423,
        0.0009293677949226499,
        0.6795830269800796,
        0.12269256520899513,
        1.0,
        0.024956291583776474,
        0.299761919513872,
        0.017968192361205927,
        0.0008589101031256531,
        0.0005800297703700463
      ],
      [
        0.13182802365915627,
        0.35405964927110223,
        0.04203724716810902,
        0.007598406126043093,
        0.024956291583776474,
        1.0,
        0.015148425158352012,
        0.11286383850927593,
        0.15095778270963356,
        0.13610238771413402
      ],
      [
        0.1760085140426715,
        0.011171109742755193,
        0.21352597552363647,
        0.2397023446457566,
        0.299761919513872,
        0.015148425158352012,
        1.0,
        0.04573068972320093,
        0.006479199326491527,
        0.002989968143414364
      ],
      [
        0.0034468822147924586,
        0.09362590261645627,
        0.05271957383498265,
        0.01167514941288933,
        0.017968192361205927,
        0.11286383850927593,
        0.04573068972320093,
        1.0,
        0.07743737212663752,
        0.49919863686237487
      ],
      [
        0.02538146765877524,
        0.44082257387129115,
        0.003484572754638188,
        0.004080274785026017,
        0.0008589101031256531,
        0.15095778270963356,
        0.006479199326491527,
        0.07743737212663752,
        1.0,
        0.059050718756106346
      ],
      [
        0.015871400855747238,
        0.11702197412507433,
        0.0007446527477338319,
        0.0033900158061395923,
        0.0005800297703700463,
        0.13610238771413402,
        0.002989968143414364,
        0.49919863686237487,
        0.059050718756106346,
        1.0
      ]
    ],
    "theta": [
      [
        1.0,
        0.03295071764801727,
        0.1942778589830793,
        0.15820535006492015,
        0.17360849165574194,
        0.1130509614737867,
        0.23597712400290025,
        0.021894480095674518,
        0.04454708763851698,
        0.003764618344728087
      ],
      [
        0.03295071764801727,
        1.0,
        0.004095517501150915,
        0.0017150595341402688,
        0.0021679229643122018,
        0.37146301641748247,
        0.011040868650015178,
        0.15121549817507907,
        0.34523322664305306,
        0.23569553461909631
      ],
      [
        0.1942778589830793,
        0.004095517501150915,
        1.0,
        0.08136509053000487,
        0.6156003923943344,
        0.023111586787120827,
        0.37625034691681936,
        0.06252722630285752,
        0.0072991139215300375,
        0.004278389943177998
      ],
      [
        0.15820535006492015,
        0.0017150595341402688,
        0.08136509053000487,
        1.0,
        0.07944814954241304,
        0.0005295537537030847,
        0.09244781422604084,
        0.011422704736098998,
        0.00044056928490616396,
        0.004976608566536725
      ],
      [
        0.17360849165574194,
        0.0021679229643122018,
        0.6156003923943344,
        0.07944814954241304,
        1.0,
        0.0163161737853715,
        0.35515285710784855,
        0.024772910012916625,
        0.002657694673431768,
        0.0004644269755230872
      ],
      [
        0.1130509614737867,
        0.37146301641748247,
        0.023111586787120827,
        0.0005295537537030847,
        0.0163161737853715,
        1.0,
        0.052935788801259064,
        0.14763448212682387,
        0.2071557862140371,
        0.15642091308801115
      ],
      [
        0.23597712400290025,
        0.011040868650015178,
        0.37625034691681936,
        0.09244781422604084,
        0.35515285710784855,
        0.052935788801259064,
        1.0,
        0.06663476266166554,
        0.008085809416306693,
        0.0004696173103883409
      ],
      [
        0.021894480095674518,
        0.15121549817507907,
        0.06252722630285752,
        0.011422704736098998,
        0.024772910012916625,
        0.14763448212682387,
        0.06663476266166554,
        1.0,
        0.06351188583545679,
        0.44839237311243113
      ],
      [
        0.04454708763851698,
        0.34523322664305306,
        0.0072991139215300375,
        0.00044056928490616396,
        0.002657694673431768,
        0.2071557862140371,
        0.008085809416306693,
        0.06351188583545679,
        1.0,
        0.08185454939653179
      ],
      [
        0.003764618344728087,
        0.23569553461909631,
        0.004278389943177998,
        0.004976608566536725,
        0.0004644269755230872,
        0.15642091308801115,
        0.0004696173103883409,
        0.44839237311243113,
        0.08185454939653179,
        1.0
      ]
    ],
    "alpha": [
      [
        1.0,
        0.04426894015101383,
        0.1708648591090616,
        0.07205072155357976,
        0.08631464072584741,
        0.04353552427627172,
        0.16502078633125333,
        0.017787377021413694,
        0.08424635352817648,
        0.03863881297283852
      ],
      [
        0.04426894015101383,
        1.0,
        0.00015670999011584006,
        0.006194452306472396,
        0.00038433527819010135,
        0.1569948843566227,
        0.006559140428753849,
        0.11768909549067906,
        0.4803411893845906,
        0.11219201534099282
      ],
      [
        0.1708648591090616,
        0.00015670999011584006,
        1.0,
        0.2844611206771712,
        0.714033678970368,
        0.055426329032369805,
        0.2688037685077343,
        0.05126932756786036,
        0.0036514545368948057,
        0.00197009712418882
      ],
      [
        0.07205072155357976,
        0.006194452306472396,
        0.2844611206771712,
        1.0,
        0.23513075667398065,
        0.07192429765480154,
        0.3099214366879638,
        0.05511363743054685,
        0.015992762021759914,
        0.012051624180975558
      ],
      [
        0.08631464072584741,
        0.00038433527819010135,
        0.714033678970368,
        0.23513075667398065,
        1.0,
        0.035194976677393276,
        0.3553230557106169,
        0.015994890445317354,
        0.0018470347907120334,
        0.0007040573757717699
      ],
      [
        0.04353552427627172,
        0.1569948843566227,
        0.055426329032369805,
        0.07192429765480154,
        0.035194976677393276,
        1.0,
        0.017628592269264297,
        0.1243549736733832,
        0.11397600964445054,
        0.11428424730515685
      ],
      [
        0.16502078633125333,
        0.006559140428753849,
        0.2688037685077343,
        0.3099214366879638,
        0.3553230557106169,
        0.017628592269264297,
        1.0,
        0.02164945317324886,
        0.0004244311332765806,
        0.0026266232221783706
      ],
      [
        0.017787377021413694,
        0.11768909549067906,
        0.05126932756786036,
        0.05511363743054685,
        0.015994890445317354,
        0.1243549736733832,
        0.02164945317324886,
        1.0,
        0.13680319410583858,
        0.5756371892494717
      ],
      [
        0.08424635352817648,
        0.4803411893845906,
        0.0036514545368948057,
        0.015992762021759914,
        0.0018470347907120334,
        0.11397600964445054,
        0.0004244311332765806,
        0.13680319410583858,
        1.0,
        0.1182714356652489
      ],
      [
        0.03863881297283852,
        0.11219201534099282,
        0.00197009712418882,
        0.012051624180975558,
        0.0007040573757717699,
        0.11428424730515685,
        0.0026266232221783706,
        0.5756371892494717,
        0.1182714356652489,
        1.0
      ]
    ],
    "beta": [
      [
        1.0,
        0.15297071512185287,
        0.1549444489267966,
        0.048543489140939304,
        0.07523548644942818,
        0.03165989467279078,
        0.10174505149342594,
        0.015578429182472837,
        0.20061911545173677,
        0.052583840645830084
      ],
      [
        0.15297071512185287,
        1.0,
        0.0052959748002189945,
        0.004884213303188744,
        0.003958181654797343,
        0.09717395914579544,
        0.005179003341623762,
        0.08505049732994512,
        0.623488338797651,
        0.07871722465211954
      ],
      [
        0.1549444489267966,
        0.0052959748002189945,
        1.0,
        0.31534101265200265,
        0.8586962190677354,
        0.057280486651871715,
        0.29197553904178475,
        0.03448449999192449,
        0.004974876418529537,
        0.0018261748375297
      ],
      [
        0.048543489140939304,
        0.004884213303188744,
        0.31534101265200265,
        1.0,
        0.31421947714203124,
        0.13309406873296392,
        0.5994444963056251,
        0.028111828349938865,
        0.0031557204279744964,
        0.004789723108842599
      ],
      [
        0.07523548644942818,
        0.003958181654797343,
        0.8586962190677354,
        0.31421947714203124,
        1.0,
        0.05873118746750271,
        0.3828132175353786,
        0.01750115905526395,
        0.0020828196404157366,
        0.0028676509664612446
      ],
      [
        0.03165989467279078,
        0.09717395914579544,
        0.057280486651871715,
        0.13309406873296392,
        0.05873118746750271,
        1.0,
        0.10860403162511822,
        0.12439950189055318,
        0.051854871869895416,
        0.12292880645165996
      ],
      [
        0.10174505149342594,
        0.005179003341623762,
        0.29197553904178475,
        0.5994444963056251,
        0.3828132175353786,
        0.10860403162511822,
        1.0,
        0.019393535731740682,
        8.68129713872468e-05,
        0.004738253420248718
      ],
      [
        0.015578429182472837,
        0.08505049732994512,
        0.03448449999192449,
        0.028111828349938865,
        0.01750115905526395,
        0.12439950189055318,
        0.019393535731740682,
        1.0,
        0.14261425108229678,
        0.7247529808214295
      ],
      [
        0.20061911545173677,
        0.623488338797651,
        0.004974876418529537,
        0.0031557204279744964,
        0.0020828196404157366,
        0.051854871869895416,
        8.68129713872468e-05,
        0.14261425108229678,
        1.0,
        0.12914811048758132
      ],
      [
        0.052583840645830084,
        0.07871722465211954,
        0.0018261748375297,
        0.004789723108842599,
        0.0028676509664612446,
        0.12292880645165996,
        0.004738253420248718,
        0.7247529808214295,
        0.12914811048758132,
        1.0
      ]
    ],
    "gamma": [
      [
        1.0,
        0.20076607914315772,
        0.13129986713963296,
        0.015141101604641858,
        0.05193106217473718,
        0.026378670941511355,
        0.04561715062122869,
        0.005909457257885878,
        0.23703535286433008,
        0.046237199091696726
      ],
      [
        0.20076607914315772,
        1.0,
        0.008541063728369505,
        0.0023598682851695687,
        0.0058651268953453396,
        0.05302967458151142,
        0.005513694605319815,
        0.03470133590864859,
        0.6340838199919584,
        0.04175816746938016
      ],
      [
        0.13129986713963296,
        0.008541063728369505,
        1.0,
        0.30678329411956223,
        0.87268755908708,
        0.04191604678818222,
        0.24403513171749172,
        0.026718705447217043,
        0.007051079517222681,
        0.0024591746363394483
      ],
      [
        0.015141101604641858,
        0.0023598682851695687,
        0.30678329411956223,
        1.0,
        0.3203316166072491,
        0.14352378537530872,
        0.6425386725711947,
        0.010026624281120071,
        0.0006296820451149718,
        0.0037825426338401074
      ],
      [
        0.05193106217473718,
        0.0058651268953453396,
        0.87268755908708,
        0.3203316166072491,
        1.0,
        0.05433140047579427,
        0.3532479660167632,
        0.011941995181344884,
        0.0030804820599960045,
        0.0039338679541274825
      ],
      [
        0.026378670941511355,
        0.05302967458151142,
        0.04191604678818222,
        0.14352378537530872,
        0.05433140047579427,
        1.0,
        0.14755518199397785,
        0.10942396584581701,
        0.015047268793412791,
        0.1171676049686134
      ],
      [
        0.04561715062122869,
        0.005513694605319815,
        0.24403513171749172,
        0.6425386725711947,
        0.3532479660167632,
        0.14755518199397785,
        1.0,
        0.009924630427104219,
        0.00036839873353236525,
        0.0065231551824169644
      ],
      [
        0.005909457257885878,
        0.03470133590864859,
        0.026718705447217043,
        0.010026624281120071,
        0.011941995181344884,
        0.10942396584581701,
        0.009924630427104219,
        1.0,
        0.12223645299825954,
        0.7444405224554048
      ],
      [
        0.23703535286433008,
        0.6340838199919584,
        0.007051079517222681,
        0.0006296820451149718,
        0.0030804820599960045,
        0.015047268793412791,
        0.00036839873353236525,
        0.12223645299825954,
        1.0,
        0.12093304690679116
      ],
      [
        0.046237199091696726,
        0.04175816746938016,
        0.0024591746363394483,
        0.0037825426338401074,
        0.0039338679541274825,
        0.1171676049686134,
        0.0065231551824169644,
        0.7444405224554048,
        0.12093304690679116,
        1.0
      ]
    ],
    "full": [
      [
        1.0,
        0.13481937627264554,
        0.16029405282901263,
        0.05707485242261931,
        0.08409929784982896,
        0.05221349742054546,
        0.10677545365379569,
        0.010648971120461067,
        0.1667084309702186,
        0.03966673777468192
      ],
      [
        0.13481937627264554,
        1.0,
        0.005548353078042319,
        0.0030991470046877285,
        0.0038130273021741287,
        0.14541703144669604,
        0.006786670381336425,
        0.07460500521243801,
        0.5670455399169708,
        0.0850454795512013
      ],
      [
        0.16029405282901263,
        0.005548353078042319,
        1.0,
        0.260830060703344,
        0.8066940613100925,
        0.04625496851570051,
        0.26616799086357107,
        0.03775132528803587,
        0.005621124402148675,
        0.002102951161126963
      ],
      [
        0.05707485242261931,
        0.0030991470046877285,
        0.260830060703344,
        1.0,
        0.2629615406337503,
        0.10289583580530694,
        0.4994034837141533,
        0.019420544292136944,
        0.0031050132933993046,
        0.004759989997258646
      ],
      [
        0.08409929784982896,
        0.0038130273021741287,
        0.8066940613100925,
        0.2629615406337503,
        1.0,
        0.04676965275994614,
        0.3544224963131954,
        0.01587836902372508,
        0.0023043260409260063,
        0.00257449904065518
      ],
      [
        0.05221349742054546,
        0.14541703144669604,
        0.04625496851570051,
        0.10289583580530694,
        0.04676965275994614,
        1.0,
        0.09792717445058383,
        0.11864884381615823,
        0.06966947636341542,
        0.12465101434393408
      ],
      [
        0.10677545365379569,
        0.006786670381336425,
        0.26616799086357107,
        0.4994034837141533,
        0.3544224963131954,
        0.09792717445058383,
        1.0,
        0.0236109915649077,
        0.0018198372889059343,
        0.004664997416344241
      ],
      [
        0.010648971120461067,
        0.07460500521243801,
        0.03775132528803587,
        0.019420544292136944,
        0.01587836902372508,
        0.11864884381615823,
        0.0236109915649077,
        1.0,
        0.11821762257808117,
        0.6648954901268765
      ],
      [
        0.1667084309702186,
        0.5670455399169708,
        0.005621124402148675,
        0.0031050132933993046,
        0.0023043260409260063,
        0.06966947636341542,
        0.0018198372889059343,
        0.11821762257808117,
        1.0,
        0.11072962300448265
      ],
      [
        0.03966673777468192,
        0.0850454795512013,
        0.002102951161126963,
        0.004759989997258646,
        0.00257449904065518,
        0.12465101434393408,
        0.004664997416344241,
        0.6648954901268765,
        0.11072962300448265,
        1.0
      ]
    ]
  },
  "correlation": [
    [
      0.9999999999999999,
      -0.38006363923903086,
      0.38314515325283405,
      0.1560097124121804,
      0.27684218309405817,
      -0.3126675862406959,
      0.0689982864817381,
      -0.06784740884381367,
      -0.45852093636405694,
      -0.22588118342852329
    ],
    [
      -0.3800636392390308,
      0.9999999999999999,
      -0.2020689891407673,
      -0.26239467714468134,
      -0.19696839687816312,
      0.003723151197448789,
      -0.28873280537436563,
      0.15576752441757494,
      0.7571494500435622,
      0.2069893425220014
    ],
    [
      0.3831451532528341,
      -0.20206898914076732,
      1.0,
      0.4708387727216124,
      0.9298014549024518,
      -0.20240880088526444,
      0.4493725314076003,
      -0.015091069170965435,
      -0.22940826488941374,
      -0.1950845355967065
    ],
    [
      0.1560097124121804,
      -0.26239467714468134,
      0.47083877272161245,
      0.9999999999999999,
      0.4745229833149473,
      -0.3893852309617356,
      0.7473213615314557,
      -0.09282072011829884,
      -0.275009929313265,
      -0.19605680332062786
    ],
    [
      0.27684218309405817,
      -0.19696839687816314,
      0.9298014549024518,
      0.4745229833149473,
      1.0,
      -0.22758647382870725,
      0.5528016605829223,
      -0.06968071140333872,
      -0.22559554711767518,
      -0.19444771820410367
    ],
    [
      -0.3126675862406959,
      0.003723151197448789,
      -0.20240880088526444,
      -0.38938523096173555,
      -0.2275864738287072,
      1.0,
      -0.36206350602008075,
      0.2851476420975975,
      0.18504256872055797,
      0.2884257779730503
    ],
    [
      0.0689982864817381,
      -0.28873280537436563,
      0.4493725314076003,
      0.7473213615314556,
      0.5528016605829225,
      -0.36206350602008075,
      1.0,
      -0.16807234131566648,
      -0.2749795266938603,
      -0.16842528136217555
    ],
    [
      -0.06784740884381366,
      0.15576752441757497,
      -0.015091069170965435,
      -0.09282072011829884,
      -0.06968071140333872,
      0.2851476420975975,
      -0.16807234131566648,
      1.0,
      0.2540492439037958,
      0.8613193273057356
    ],
    [
      -0.45852093636405694,
      0.7571494500435622,
      -0.22940826488941374,
      -0.275009929313265,
      -0.2255955471176752,
      0.18504256872055797,
      -0.2749795266938603,
      0.2540492439037958,
      1.0,
      0.2525331974207486
    ],
    [
      -0.22588118342852326,
      0.2069893425220014,
      -0.19508453559670652,
      -0.1960568033206279,
      -0.1944477182041037,
      0.2884257779730503,
      -0.16842528136217555,
      0.8613193273057356,
      0.2525331974207486,
      1.0
    ]
  ],
  "mutual_information": [
    [
      0.0,
      0.7519980333906298,
      0.4001788338164942,
      0.37534236468355786,
      0.3542685974045838,
      0.3506091854808352,
      0.2855353196834814,
      0.28828652761788615,
      0.552107160041932,
      0.3503097456775323
    ],
    [
      0.7519980333906298,
      0.0,
      0.3294568483062597,
      0.4317698184009062,
      0.36394421013560063,
      0.43895677538642497,
      0.418082624489451,
      0.3378497592475614,
      0.8264145522371812,
      0.358933804018628
    ],
    [
      0.4001788338164942,
      0.3294568483062597,
      0.0,
      0.5664790619014843,
      0.9999999998771055,
      0.3137938848130603,
      0.4043064990856025,
      0.31124352179413506,
      0.39547112631953146,
      0.4006209244884694
    ],
    [
      0.37534236468355786,
      0.4317698184009062,
      0.5664790619014843,
      0.0,
      0.630988498938149,
      0.49740358115830735,
      0.7439237035537211,
      0.3801014759884347,
      0.47983357041847824,
      0.4311902406283548
    ],
    [
      0.3542685974045838,
      0.36394421013560063,
      0.9999999998771055,
      0.630988498938149,
      0.0,
      0.38841020338789906,
      0.49699167357918395,
      0.2829096097710993,
      0.4317562854054823,
      0.3833196995461619
    ],
    [
      0.3506091854808352,
      0.43895677538642497,
      0.3137938848130603,
      0.49740358115830735,
      0.38841020338789906,
      0.0,
      0.583561898276958,
      0.3345411169035672,
      0.47361214243008815,
      0.3864370999159031
    ],
    [
      0.2855353196834814,
      0.418082624489451,
      0.4043064990856025,
      0.7439237035537211,
      0.49699167357918395,
      0.583561898276958,
      0.0,
      0.30051641438682997,
      0.37531779504741997,
      0.3358515645943108
    ],
    [
      0.28828652761788615,
      0.3378497592475614,
      0.31124352179413506,
      0.3801014759884347,
      0.2829096097710993,
      0.3345411169035672,
      0.30051641438682997,
      0.0,
      0.48328826810653364,
      0.7493801730328029
    ],
    [
      0.552107160041932,
      0.8264145522371812,
      0.39547112631953146,
      0.47983357041847824,
      0.4317562854054823,
      0.47361214243008815,
      0.37531779504741997,
      0.48328826810653364,
      0.0,
      0.507655737604218
    ],
    [
      0.3503097456775323,
      0.358933804018628,
      0.4006209244884694,
      0.4311902406283548,
      0.3833196995461619,
      0.3864370999159031,
      0.3358515645943108,
      0.7493801730328029,
      0.507655737604218,
      0.0
    ]
  ],
  "network": {
    "global_metrics": {
      "n_nodes": 10,
      "n_edges": 11,
      "density": 0.24444444444444444,
      "is_connected": false,
      "diameter": 5,
      "average_path_length": 2.4285714285714284,
      "global_efficiency": 0.5809523809523808,
      "largest_component_size": 8,
      "avg_clustering": 0.35,
      "transitivity": 0.6666666666666666,
      "assortativity": 0.5809523809523802,
      "small_worldness": 0.0,
      "modularity": 0.5115221799098346
    },
    "nodal_metrics": {
      "LT_TA": {
        "degree": 2,
        "degree_centrality": 0.2222222222222222,
        "betweenness_centrality": 0.3333333333333333,
        "closeness_centrality": 0.4188034188034188,
        "eigenvector_centrality": 0.19173543245854022,
        "pagerank": 0.05152306845161911,
        "clustering": 0
      },
      "LT_GL": {
        "degree": 2,
        "degree_centrality": 0.2222222222222222,
        "betweenness_centrality": 0.16666666666666666,
        "closeness_centrality": 0.28654970760233917,
        "eigenvector_centrality": 0.025239191747960597,
        "pagerank": 0.12806397020692742,
        "clustering": 0
      },
      "LT_RF": {
        "degree": 4,
        "degree_centrality": 0.4444444444444444,
        "betweenness_centrality": 0.3333333333333333,
        "closeness_centrality": 0.4188034188034188,
        "eigenvector_centrality": 0.5239634881453669,
        "pagerank": 0.13797788901829316,
        "clustering": 0.5
      },
      "LT_HAM": {
        "degree": 3,
        "degree_centrality": 0.3333333333333333,
        "betweenness_centrality": 0.0,
        "closeness_centrality": 0.3202614379084967,
        "eigenvector_centrality": 0.47717609028084934,
        "pagerank": 0.09371583334187289,
        "clustering": 1.0
      },
      "LT_VL": {
        "degree": 3,
        "degree_centrality": 0.3333333333333333,
        "betweenness_centrality": 0.0,
        "closeness_centrality": 0.3202614379084967,
        "eigenvector_centrality": 0.47717609028084934,
        "pagerank": 0.12608689535804432,
        "clustering": 1.0
      },
      "RT_TA": {
        "degree": 1,
        "degree_centrality": 0.1111111111111111,
        "betweenness_centrality": 0.0,
        "closeness_centrality": 0.2177777777777778,
        "eigenvector_centrality": 0.008148036080902655,
        "pagerank": 0.037218291784941696,
        "clustering": 0
      },
      "RT_GL": {
        "degree": 3,
        "degree_centrality": 0.3333333333333333,
        "betweenness_centrality": 0.0,
        "closeness_centrality": 0.3202614379084967,
        "eigenvector_centrality": 0.47717609028084934,
        "pagerank": 0.1014478730024889,
        "clustering": 1.0
      },
      "RT_RF": {
        "degree": 1,
        "degree_centrality": 0.1111111111111111,
        "betweenness_centrality": 0.0,
        "closeness_centrality": 0.1111111111111111,
        "eigenvector_centrality": 3.5275260774562815e-09,
        "pagerank": 0.1,
        "clustering": 0
      },
      "RT_HAM": {
        "degree": 2,
        "degree_centrality": 0.2222222222222222,
        "betweenness_centrality": 0.2777777777777778,
        "closeness_centrality": 0.362962962962963,
        "eigenvector_centrality": 0.07003796350022255,
        "pagerank": 0.12396617883581248,
        "clustering": 0
      },
      "RT_VL": {
        "degree": 1,
        "degree_centrality": 0.1111111111111111,
        "betweenness_centrality": 0.0,
        "closeness_centrality": 0.1111111111111111,
        "eigenvector_centrality": 3.5275260774562815e-09,
        "pagerank": 0.1,
        "clustering": 0
      }
    },
    "communities": {
      "LT_TA": 0,
      "LT_GL": 0,
      "LT_RF": 1,
      "LT_HAM": 1,
      "LT_VL": 1,
      "RT_TA": 0,
      "RT_GL": 1,
      "RT_RF": 2,
      "RT_HAM": 0,
      "RT_VL": 2
    }
  },
  "analysis_time": 132.5714910030365
}