{
  "subject_id": "S15",
  "data_info": {
    "duration": 186.3405,
    "sampling_rate": 2000
  },
  "quality_metrics": {
    "channel_0": {
      "snr_db": -66.49808634502854,
      "rms": 0.19768477246312563,
      "peak_to_peak": 1.0475661728215542
    },
    "channel_1": {
      "snr_db": -68.73342890862246,
      "rms": 0.24372767676325813,
      "peak_to_peak": 1.043912885562926
    },
    "channel_2": {
      "snr_db": -67.65117991318496,
      "rms": 0.24506877241153643,
      "peak_to_peak": 1.0266932459805433
    },
    "channel_3": {
      "snr_db": -66.20992547321524,
      "rms": 0.23011116641942778,
      "peak_to_peak": 1.066224860982638
    },
    "channel_4": {
      "snr_db": -68.01310785808775,
      "rms": 0.3520135891395944,
      "peak_to_peak": 1.1346246734787728
    },
    "channel_5": {
      "snr_db": -66.19952295383925,
      "rms": 0.33738865838020127,
      "peak_to_peak": 1.0397603370790711
    },
    "channel_6": {
      "snr_db": -66.78325705294083,
      "rms": 0.2117252427786585,
      "peak_to_peak": 1.0567934911891033
    },
    "channel_7": {
      "snr_db": -68.31051992167784,
      "rms": 0.24470418539899233,
      "peak_to_peak": 0.9873219192954141
    },
    "channel_8": {
      "snr_db": -67.93779059007433,
      "rms": 0.24496526327101448,
      "peak_to_peak": 0.9919429392725023
    },
    "channel_9": {
      "snr_db": -66.49149925926915,
      "rms": 0.24248836296294596,
      "peak_to_peak": 1.025629296767835
    }
  },
  "n_cycles": 178,
  "coherence": {
    "delta": [
      [
        1.0,
        0.032691562247571,
        0.15944152551617097,
        0.0030789973828249796,
        0.17527739803560938,
        0.13529326781823364,
        0.0005386176432366232,
        0.1781717896671258,
        0.21807777369095177,
        0.20213078873279458
      ],
      [
        0.032691562247571,
        1.0,
        0.03436476392763685,
        0.4149566227555599,
        0.02146926850633097,
        0.19761914875252312,
        0.04872896081167036,
        0.055370159967675844,
        0.04224003586724301,
        0.05967918183034681
      ],
      [
        0.15944152551617097,
        0.03436476392763685,
        1.0,
        0.09702038114847884,
        0.07669736632906185,
        0.08012391800879395,
        0.06402516037942721,
        0.04237023641866408,
        0.03637238545206979,
        0.05929884818236688
      ],
      [
        0.0030789973828249796,
        0.4149566227555599,
        0.09702038114847884,
        1.0,
        0.03185215201753659,
        0.2937912619080677,
        0.2257452620890396,
        0.014567714260537695,
        0.01151301312223696,
        0.0022609114826773833
      ],
      [
        0.17527739803560938,
        0.02146926850633097,
        0.07669736632906185,
        0.03185215201753659,
        1.0,
        0.024657508894461735,
        0.06118213947649138,
        0.3017138432624506,
        0.06153010663342981,
        0.27489831876417514
      ],
      [
        0.13529326781823364,
        0.19761914875252312,
        0.08012391800879395,
        0.2937912619080677,
        0.024657508894461735,
        1.0,
        0.04836993507167632,
        0.032775069998610386,
        0.07542932540716465,
        0.11153095015564826
      ],
      [
        0.0005386176432366232,
        0.04872896081167036,
        0.06402516037942721,
        0.2257452620890396,
        0.06118213947649138,
        0.04836993507167632,
        1.0,
        0.0049682497034041736,
        0.08435993945026563,
        0.011768984701068458
      ],
      [
        0.1781717896671258,
        0.055370159967675844,
        0.04237023641866408,
        0.014567714260537695,
        0.3017138432624506,
        0.032775069998610386,
        0.0049682497034041736,
        1.0,
        0.10742066209337006,
        0.6260897633017186
      ],
      [
        0.21807777369095177,
        0.04224003586724301,
        0.03637238545206979,
        0.01151301312223696,
        0.06153010663342981,
        0.07542932540716465,
        0.08435993945026563,
        0.10742066209337006,
        1.0,
        0.18014217117429435
      ],
      [
        0.20213078873279458,
        0.05967918183034681,
        0.05929884818236688,
        0.0022609114826773833,
        0.27489831876417514,
        0.11153095015564826,
        0.011768984701068458,
        0.6260897633017186,
        0.18014217117429435,
        1.0
      ]
    ],
    "theta": [
      [
        1.0,
        0.050828624802043997,
        0.24525939097429272,
        0.008196992449649087,
        0.15221995950066297,
        0.34551006322255934,
        0.001599189483410147,
        0.16171466503711207,
        0.23569777503290334,
        0.2752392701194343
      ],
      [
        0.050828624802043997,
        1.0,
        0.03084467754686006,
        0.3681515042821063,
        0.02453336464439423,
        0.19788217926517906,
        0.018279838648855247,
        0.054950646934350623,
        0.02537615797713558,
        0.08675107702880944
      ],
      [
        0.24525939097429272,
        0.03084467754686006,
        1.0,
        0.1404008475616602,
        0.05871007321368071,
        0.045968003548439836,
        0.05725073539891023,
        0.0158164592309292,
        0.055013365494017676,
        0.04272374369816234
      ],
      [
        0.008196992449649087,
        0.3681515042821063,
        0.1404008475616602,
        1.0,
        0.0598059801816646,
        0.25095343647649676,
        0.22079431038278666,
        0.014106459852192397,
        0.016986814998886567,
        0.007560323726007018
      ],
      [
        0.15221995950066297,
        0.02453336464439423,
        0.05871007321368071,
        0.0598059801816646,
        1.0,
        0.08179442297178854,
        0.10009969099247051,
        0.2959578435156295,
        0.08056087935036305,
        0.26755636914105774
      ],
      [
        0.34551006322255934,
        0.19788217926517906,
        0.045968003548439836,
        0.25095343647649676,
        0.08179442297178854,
        1.0,
        0.061611188519679165,
        0.08732501116490725,
        0.11836884402801866,
        0.1570579360042791
      ],
      [
        0.001599189483410147,
        0.018279838648855247,
        0.05725073539891023,
        0.22079431038278666,
        0.10009969099247051,
        0.061611188519679165,
        1.0,
        0.01664054842220504,
        0.10639982984446028,
        0.004373441935120137
      ],
      [
        0.16171466503711207,
        0.054950646934350623,
        0.0158164592309292,
        0.014106459852192397,
        0.2959578435156295,
        0.08732501116490725,
        0.01664054842220504,
        1.0,
        0.1546150324361931,
        0.5570367373675762
      ],
      [
        0.23569777503290334,
        0.02537615797713558,
        0.055013365494017676,
        0.016986814998886567,
        0.08056087935036305,
        0.11836884402801866,
        0.10639982984446028,
        0.1546150324361931,
        1.0,
        0.24731275191623853
      ],
      [
        0.2752392701194343,
        0.08675107702880944,
        0.04272374369816234,
        0.007560323726007018,
        0.26755636914105774,
        0.1570579360042791,
        0.004373441935120137,
        0.5570367373675762,
        0.24731275191623853,
        1.0
      ]
    ],
    "alpha": [
      [
        1.0,
        0.03306972356674766,
        0.2314603363527468,
        0.012875931842255734,
        0.08511988148160421,
        0.03093235114705187,
        0.011278580294869521,
        0.07324750998029936,
        0.23012519991773003,
        0.18461726891196803
      ],
      [
        0.03306972356674766,
        1.0,
        0.07784259940667691,
        0.4385558367873871,
        0.01320288044109142,
        0.07456870745861507,
        0.11454562693639886,
        0.06324046552969367,
        0.08962637768816839,
        0.08152382352326631
      ],
      [
        0.2314603363527468,
        0.07784259940667691,
        1.0,
        0.1713122881504908,
        0.07234842215020117,
        0.031966535071680846,
        0.06055676096857446,
        0.07179689617086056,
        0.041428277618686005,
        0.08124364940228239
      ],
      [
        0.012875931842255734,
        0.4385558367873871,
        0.1713122881504908,
        1.0,
        0.05331098730960523,
        0.1928244915392193,
        0.09239952485792526,
        0.01810303811648865,
        0.01238928029933111,
        0.0005026974560966825
      ],
      [
        0.08511988148160421,
        0.01320288044109142,
        0.07234842215020117,
        0.05331098730960523,
        1.0,
        0.05588306521615103,
        0.0034405375931494857,
        0.20286522288337583,
        0.08052766952997746,
        0.2083517632255085
      ],
      [
        0.03093235114705187,
        0.07456870745861507,
        0.031966535071680846,
        0.1928244915392193,
        0.05588306521615103,
        1.0,
        0.10819247825576285,
        0.01823377547511351,
        0.006160767705171806,
        0.05316499545766637
      ],
      [
        0.011278580294869521,
        0.11454562693639886,
        0.06055676096857446,
        0.09239952485792526,
        0.0034405375931494857,
        0.10819247825576285,
        1.0,
        0.01736661323956731,
        0.08410279642688452,
        0.02889667334142815
      ],
      [
        0.07324750998029936,
        0.06324046552969367,
        0.07179689617086056,
        0.01810303811648865,
        0.20286522288337583,
        0.01823377547511351,
        0.01736661323956731,
        1.0,
        0.16865354064838722,
        0.5882995666215202
      ],
      [
        0.23012519991773003,
        0.08962637768816839,
        0.041428277618686005,
        0.01238928029933111,
        0.08052766952997746,
        0.006160767705171806,
        0.08410279642688452,
        0.16865354064838722,
        1.0,
        0.30417803221188167
      ],
      [
        0.18461726891196803,
        0.08152382352326631,
        0.08124364940228239,
        0.0005026974560966825,
        0.2083517632255085,
        0.05316499545766637,
        0.02889667334142815,
        0.5882995666215202,
        0.30417803221188167,
        1.0
      ]
    ],
    "beta": [
      [
        1.0,
        0.06693982699065211,
        0.2199488935216007,
        0.004670568172219941,
        0.19440721649927992,
        0.0289766132961719,
        0.005206318425600905,
        0.07600723525584903,
        0.32348928359450063,
        0.1460606858420094
      ],
      [
        0.06693982699065211,
        1.0,
        0.054650255303728114,
        0.5433308026696019,
        0.027192325751470577,
        0.13019092047803124,
        0.0915138695029655,
        0.12561160255266243,
        0.0700383788477377,
        0.09383088404748857
      ],
      [
        0.2199488935216007,
        0.054650255303728114,
        1.0,
        0.10321932087656197,
        0.248426638429483,
        0.041224372995583146,
        0.14143947017940872,
        0.09666609006178585,
        0.049301559979059835,
        0.08342953179024384
      ],
      [
        0.004670568172219941,
        0.5433308026696019,
        0.10321932087656197,
        1.0,
        0.037360463783522396,
        0.2734206599146903,
        0.11107435394764019,
        0.02531319254518548,
        0.011084404277325072,
        4.85748945076474e-05
      ],
      [
        0.19440721649927992,
        0.027192325751470577,
        0.248426638429483,
        0.037360463783522396,
        1.0,
        0.05095407803474673,
        0.0015281630397220626,
        0.28894950315370876,
        0.0968503236977351,
        0.31055851532084777
      ],
      [
        0.0289766132961719,
        0.13019092047803124,
        0.041224372995583146,
        0.2734206599146903,
        0.05095407803474673,
        1.0,
        0.12490156222171099,
        0.017465415063116493,
        0.0024241845325211346,
        0.049227773288700885
      ],
      [
        0.005206318425600905,
        0.0915138695029655,
        0.14143947017940872,
        0.11107435394764019,
        0.0015281630397220626,
        0.12490156222171099,
        1.0,
        0.01971179786910948,
        0.07056650960661055,
        0.011962758839666836
      ],
      [
        0.07600723525584903,
        0.12561160255266243,
        0.09666609006178585,
        0.02531319254518548,
        0.28894950315370876,
        0.017465415063116493,
        0.01971179786910948,
        1.0,
        0.20185343015047813,
        0.6973115016551465
      ],
      [
        0.32348928359450063,
        0.0700383788477377,
        0.049301559979059835,
        0.011084404277325072,
        0.0968503236977351,
        0.0024241845325211346,
        0.07056650960661055,
        0.20185343015047813,
        1.0,
        0.3516180833708936
      ],
      [
        0.1460606858420094,
        0.09383088404748857,
        0.08342953179024384,
        4.85748945076474e-05,
        0.31055851532084777,
        0.049227773288700885,
        0.011962758839666836,
        0.6973115016551465,
        0.3516180833708936,
        1.0
      ]
    ],
    "gamma": [
      [
        1.0,
        0.06324359752479086,
        0.1939842779445169,
        0.0034346693635009034,
        0.1585347480928946,
        0.034062986106369736,
        0.0038137873897941127,
        0.02697622675959293,
        0.3263337785298764,
        0.08338578957434659
      ],
      [
        0.06324359752479086,
        1.0,
        0.024482482659084294,
        0.5548207793414989,
        0.036242233187755005,
        0.13186211569501366,
        0.03234214284732488,
        0.12804791445580704,
        0.025985079798469923,
        0.07557657799486574
      ],
      [
        0.1939842779445169,
        0.024482482659084294,
        1.0,
        0.06353822475007079,
        0.2875755226896056,
        0.03365065113483455,
        0.14802881746546057,
        0.0747973553660931,
        0.034573294801567456,
        0.060171912582003384
      ],
      [
        0.0034346693635009034,
        0.5548207793414989,
        0.06353822475007079,
        1.0,
        0.023089543776861853,
        0.25907800439826767,
        0.056319367328274195,
        0.023429923524802703,
        0.004299079832484074,
        9.529155078840689e-05
      ],
      [
        0.1585347480928946,
        0.036242233187755005,
        0.2875755226896056,
        0.023089543776861853,
        1.0,
        0.035988394293834366,
        0.000519213993044671,
        0.29112349948538674,
        0.035775541756571,
        0.3024910483874155
      ],
      [
        0.034062986106369736,
        0.13186211569501366,
        0.03365065113483455,
        0.25907800439826767,
        0.035988394293834366,
        1.0,
        0.12739642906623405,
        0.015697176355935052,
        0.0029299788506271032,
        0.04412045609409532
      ],
      [
        0.0038137873897941127,
        0.03234214284732488,
        0.14802881746546057,
        0.056319367328274195,
        0.000519213993044671,
        0.12739642906623405,
        1.0,
        0.008178876516858698,
        0.06535842209227545,
        0.004186006003697697
      ],
      [
        0.02697622675959293,
        0.12804791445580704,
        0.0747973553660931,
        0.023429923524802703,
        0.29112349948538674,
        0.015697176355935052,
        0.008178876516858698,
        1.0,
        0.15634689940788807,
        0.7031105755454065
      ],
      [
        0.3263337785298764,
        0.025985079798469923,
        0.034573294801567456,
        0.004299079832484074,
        0.035775541756571,
        0.0029299788506271032,
        0.06535842209227545,
        0.15634689940788807,
        1.0,
        0.3217311376410715
      ],
      [
        0.08338578957434659,
        0.07557657799486574,
        0.060171912582003384,
        9.529155078840689e-05,
        0.3024910483874155,
        0.04412045609409532,
        0.004186006003697697,
        0.7031105755454065,
        0.3217311376410715,
        1.0
      ]
    ],
    "full": [
      [
        1.0,
        0.056404520650038176,
        0.20348613401295143,
        0.004852810658764543,
        0.16601517257808293,
        0.0717884872094319,
        0.004142247362779007,
        0.07924737147484799,
        0.2944311191815324,
        0.1434838313643663
      ],
      [
        0.056404520650038176,
        1.0,
        0.03987924917839574,
        0.5064652072281934,
        0.028511942387908065,
        0.14213564958584876,
        0.058311506112083175,
        0.1055090319145447,
        0.04688934782946849,
        0.08006459156746557
      ],
      [
        0.20348613401295143,
        0.03987924917839574,
        1.0,
        0.09510171578967003,
        0.20892595347599735,
        0.043948701714939524,
        0.11936613732086748,
        0.0717696127166713,
        0.04148147138007075,
        0.06747252150278236
      ],
      [
        0.004852810658764543,
        0.5064652072281934,
        0.09510171578967003,
        1.0,
        0.03397775734959553,
        0.26311023949861156,
        0.11465989321928637,
        0.021519024176500916,
        0.009095010601108634,
        0.00101966165226393
      ],
      [
        0.16601517257808293,
        0.028511942387908065,
        0.20892595347599735,
        0.03397775734959553,
        1.0,
        0.043903906891155524,
        0.01804717151251649,
        0.28566663561274425,
        0.06541752044007658,
        0.2907995440857988
      ],
      [
        0.0717884872094319,
        0.14213564958584876,
        0.043948701714939524,
        0.26311023949861156,
        0.043903906891155524,
        1.0,
        0.10793322547206222,
        0.024573574513029443,
        0.023056530379287676,
        0.06544601579988632
      ],
      [
        0.004142247362779007,
        0.058311506112083175,
        0.11936613732086748,
        0.11465989321928637,
        0.01804717151251649,
        0.10793322547206222,
        1.0,
        0.01259117193302401,
        0.07448312723536119,
        0.009660703850449308
      ],
      [
        0.07924737147484799,
        0.1055090319145447,
        0.0717696127166713,
        0.021519024176500916,
        0.28566663561274425,
        0.024573574513029443,
        0.01259117193302401,
        1.0,
        0.1636352396086672,
        0.6694088242261655
      ],
      [
        0.2944311191815324,
        0.04688934782946849,
        0.04148147138007075,
        0.009095010601108634,
        0.06541752044007658,
        0.023056530379287676,
        0.07448312723536119,
        0.1636352396086672,
        1.0,
        0.3020694729358185
      ],
      [
        0.1434838313643663,
        0.08006459156746557,
        0.06747252150278236,
        0.00101966165226393,
        0.2907995440857988,
        0.06544601579988632,
        0.009660703850449308,
        0.6694088242261655,
        0.3020694729358185,
        1.0
      ]
    ]
  },
  "correlation": [
    [
      1.0,
      -0.260849728646313,
      0.31561614128168103,
      -0.17660338427162517,
      -0.3235453109471094,
      0.30273083880914153,
      -0.19376200795204182,
      0.06634146772803154,
      0.5158948384850872,
      0.21948979259105425
    ],
    [
      -0.26084972864631295,
      0.9999999999999999,
      0.011269970311145907,
      0.6959534687464555,
      0.15118496655197464,
      -0.34220841286189646,
      0.10941046470710554,
      0.17679415676907523,
      -0.09577177522962557,
      0.04213070989241041
    ],
    [
      0.31561614128168103,
      0.011269970311145907,
      1.0,
      0.267119536177301,
      -0.37166692131543805,
      -0.07495607691622737,
      0.24886115744115295,
      -0.13867184865632323,
      0.04995098737159883,
      -0.25399956791977796
    ],
    [
      -0.17660338427162517,
      0.6959534687464554,
      0.267119536177301,
      1.0,
      -0.1242097197432168,
      -0.4444341198438363,
      0.12086027472390465,
      -0.025468683782218768,
      -0.19098480789645345,
      -0.2710666431717436
    ],
    [
      -0.3235453109471094,
      0.15118496655197464,
      -0.371666921315438,
      -0.1242097197432168,
      0.9999999999999998,
      -0.03328553375059739,
      -0.010377260833554574,
      0.4790049715542845,
      0.015108536734908145,
      0.47946363692415983
    ],
    [
      0.30273083880914153,
      -0.34220841286189646,
      -0.07495607691622735,
      -0.4444341198438363,
      -0.03328553375059739,
      1.0,
      -0.2346299852091806,
      0.2122191767093855,
      0.24072019897051677,
      0.3081809672623603
    ],
    [
      -0.19376200795204182,
      0.10941046470710553,
      0.24886115744115292,
      0.12086027472390465,
      -0.010377260833554574,
      -0.2346299852091806,
      1.0,
      -0.13767500176721462,
      0.11584303738167755,
      -0.0904949635833477
    ],
    [
      0.06634146772803154,
      0.17679415676907523,
      -0.13867184865632323,
      -0.025468683782218768,
      0.4790049715542846,
      0.2122191767093855,
      -0.13767500176721464,
      1.0,
      0.3143160640153455,
      0.7852963081338655
    ],
    [
      0.5158948384850872,
      -0.09577177522962559,
      0.04995098737159883,
      -0.19098480789645342,
      0.015108536734908145,
      0.24072019897051677,
      0.11584303738167756,
      0.3143160640153455,
      1.0,
      0.5099786066263925
    ],
    [
      0.21948979259105425,
      0.042130709892410405,
      -0.25399956791977796,
      -0.2710666431717436,
      0.47946363692415983,
      0.30818096726236033,
      -0.0904949635833477,
      0.7852963081338654,
      0.5099786066263925,
      1.0
    ]
  ],
  "mutual_information": [
    [
      0.0,
      0.44044723576537664,
      0.44797081235582376,
      0.5197153466306629,
      0.5118144907553117,
      0.5024654841145736,
      0.4560427876735256,
      0.5273091621931845,
      0.5467244771795768,
      0.6308486310148443
    ],
    [
      0.44044723576537664,
      0.0,
      0.42897378941283876,
      0.9999999998781638,
      0.3961162166923015,
      0.5312860582655019,
      0.544237949485569,
      0.44041549884202064,
      0.40376711199589155,
      0.4229617250037205
    ],
    [
      0.44797081235582376,
      0.42897378941283876,
      0.0,
      0.5987071225192768,
      0.4009561599417398,
      0.38560954751236215,
      0.4988702413634696,
      0.4920691774748133,
      0.37089658750884974,
      0.4549394637980327
    ],
    [
      0.5197153466306629,
      0.9999999998781638,
      0.5987071225192768,
      0.0,
      0.4406086155378439,
      0.7174645247776487,
      0.8002801178457205,
      0.5986579225758335,
      0.48563194963398026,
      0.5938070621986428
    ],
    [
      0.5118144907553117,
      0.3961162166923015,
      0.4009561599417398,
      0.4406086155378439,
      0.0,
      0.32544251826766574,
      0.3868723576860545,
      0.4457127899879908,
      0.27616113124213604,
      0.5640824666890883
    ],
    [
      0.5024654841145736,
      0.5312860582655019,
      0.38560954751236215,
      0.7174645247776487,
      0.32544251826766574,
      0.0,
      0.7073920610106577,
      0.47998059436569207,
      0.5017381841364518,
      0.5464240484202106
    ],
    [
      0.4560427876735256,
      0.544237949485569,
      0.4988702413634696,
      0.8002801178457205,
      0.3868723576860545,
      0.7073920610106577,
      0.0,
      0.44049724647453226,
      0.4872441995059973,
      0.6049553119205962
    ],
    [
      0.5273091621931845,
      0.44041549884202064,
      0.4920691774748133,
      0.5986579225758335,
      0.4457127899879908,
      0.47998059436569207,
      0.44049724647453226,
      0.0,
      0.4887787559862699,
      0.9794887404847503
    ],
    [
      0.5467244771795768,
      0.40376711199589155,
      0.37089658750884974,
      0.48563194963398026,
      0.27616113124213604,
      0.5017381841364518,
      0.4872441995059973,
      0.4887787559862699,
      0.0,
      0.5923636207961633
    ],
    [
      0.6308486310148443,
      0.4229617250037205,
      0.4549394637980327,
      0.5938070621986428,
      0.5640824666890883,
      0.5464240484202106,
      0.6049553119205962,
      0.9794887404847503,
      0.5923636207961633,
      0.0
    ]
  ],
  "network": {
    "global_metrics": {
      "n_nodes": 10,
      "n_edges": 11,
      "density": 0.24444444444444444,
      "is_connected": false,
      "diameter": 2,
      "average_path_length": 1.4,
      "global_efficiency": 0.8,
      "largest_component_size": 6,
      "avg_clustering": 0.3333333333333333,
      "transitivity": 0.45,
      "assortativity": 0.34523809523809645,
      "small_worldness": 0.0,
      "modularity": 0.3749746518023688
    },
    "nodal_metrics": {
      "LT_TA": {
        "degree": 3,
        "degree_centrality": 0.3333333333333333,
        "betweenness_centrality": 0.037037037037037035,
        "closeness_centrality": 0.39682539682539686,
        "eigenvector_centrality": 0.3820321044159489,
        "pagerank": 0.09317501851114371,
        "clustering": 0.3333333333333333
      },
      "LT_GL": {
        "degree": 1,
        "degree_centrality": 0.1111111111111111,
        "betweenness_centrality": 0.0,
        "closeness_centrality": 0.14814814814814814,
        "eigenvector_centrality": 3.297037691500239e-06,
        "pagerank": 0.10561743619678633,
        "clustering": 0
      },
      "LT_RF": {
        "degree": 2,
        "degree_centrality": 0.2222222222222222,
        "betweenness_centrality": 0.0,
        "closeness_centrality": 0.3472222222222222,
        "eigenvector_centrality": 0.2837114559812597,
        "pagerank": 0.0632710198821371,
        "clustering": 1.0
      },
      "LT_HAM": {
        "degree": 2,
        "degree_centrality": 0.2222222222222222,
        "betweenness_centrality": 0.027777777777777776,
        "closeness_centrality": 0.2222222222222222,
        "eigenvector_centrality": 4.662715418974918e-06,
        "pagerank": 0.15950583338721025,
        "clustering": 0
      },
      "LT_VL": {
        "degree": 4,
        "degree_centrality": 0.4444444444444444,
        "betweenness_centrality": 0.08333333333333333,
        "closeness_centrality": 0.462962962962963,
        "eigenvector_centrality": 0.493727956878152,
        "pagerank": 0.12110029993246721,
        "clustering": 0.3333333333333333
      },
      "RT_TA": {
        "degree": 1,
        "degree_centrality": 0.1111111111111111,
        "betweenness_centrality": 0.0,
        "closeness_centrality": 0.14814814814814814,
        "eigenvector_centrality": 3.297037691500239e-06,
        "pagerank": 0.06274558287501988,
        "clustering": 0
      },
      "RT_GL": {
        "degree": 0,
        "degree_centrality": 0.0,
        "betweenness_centrality": 0.0,
        "closeness_centrality": 0.0,
        "eigenvector_centrality": 1.4649680149419514e-14,
        "pagerank": 0.016393442622950824,
        "clustering": 0
      },
      "RT_RF": {
        "degree": 3,
        "degree_centrality": 0.3333333333333333,
        "betweenness_centrality": 0.009259259259259259,
        "closeness_centrality": 0.39682539682539686,
        "eigenvector_centrality": 0.4291475964245678,
        "pagerank": 0.1320119591059098,
        "clustering": 0.6666666666666666
      },
      "RT_HAM": {
        "degree": 3,
        "degree_centrality": 0.3333333333333333,
        "betweenness_centrality": 0.027777777777777776,
        "closeness_centrality": 0.39682539682539686,
        "eigenvector_centrality": 0.40181670754212273,
        "pagerank": 0.0980577987530527,
        "clustering": 0.3333333333333333
      },
      "RT_VL": {
        "degree": 3,
        "degree_centrality": 0.3333333333333333,
        "betweenness_centrality": 0.009259259259259259,
        "closeness_centrality": 0.39682539682539686,
        "eigenvector_centrality": 0.42914759642456773,
        "pagerank": 0.14812160873332245,
        "clustering": 0.6666666666666666
      }
    },
    "communities": {
      "LT_TA": 0,
      "LT_GL": 1,
      "LT_RF": 0,
      "LT_HAM": 1,
      "LT_VL": 0,
      "RT_TA": 1,
      "RT_GL": 2,
      "RT_RF": 3,
      "RT_HAM": 3,
      "RT_VL": 3
    }
  },
  "analysis_time": 71.805819272995
}