{
  "subject_id": "S16",
  "data_info": {
    "duration": 256.1105,
    "sampling_rate": 2000
  },
  "quality_metrics": {
    "channel_0": {
      "snr_db": -65.10985802463135,
      "rms": 0.3306147938578424,
      "peak_to_peak": 1.0097304820731656
    },
    "channel_1": {
      "snr_db": -65.57993771849522,
      "rms": 0.22488077622555086,
      "peak_to_peak": 1.020479028027961
    },
    "channel_2": {
      "snr_db": -67.01619871241195,
      "rms": 0.2148497104455417,
      "peak_to_peak": 1.0111052754406737
    },
    "channel_3": {
      "snr_db": -67.72265991832569,
      "rms": 0.16541265108921577,
      "peak_to_peak": 1.1392334444665553
    },
    "channel_4": {
      "snr_db": -66.12802267949871,
      "rms": 0.24014517187139953,
      "peak_to_peak": 1.0230981779181967
    },
    "channel_5": {
      "snr_db": -65.64551311431595,
      "rms": 0.31818485609886055,
      "peak_to_peak": 1.0231703995246062
    },
    "channel_6": {
      "snr_db": -65.4206514080648,
      "rms": 0.24256852185117925,
      "peak_to_peak": 1.0129562305679045
    },
    "channel_7": {
      "snr_db": -66.31151696444451,
      "rms": 0.23088122637078443,
      "peak_to_peak": 1.033290902364785
    },
    "channel_8": {
      "snr_db": -66.42379777346923,
      "rms": 0.25006094315469146,
      "peak_to_peak": 1.0214066549164151
    },
    "channel_9": {
      "snr_db": -69.70118664489702,
      "rms": 0.2896674397866399,
      "peak_to_peak": 1.073817559633716
    }
  },
  "n_cycles": 204,
  "coherence": {
    "delta": [
      [
        1.0,
        0.05876591123847662,
        0.04257801916554082,
        0.17250849549096087,
        0.1079474558108659,
        0.067661191032427,
        0.16302285770009972,
        0.12939122010602902,
        0.032110723921910694,
        0.06816584842441498
      ],
      [
        0.05876591123847662,
        1.0,
        0.03849763738335918,
        0.05898465462342389,
        0.009094712368354315,
        0.1674327234308284,
        0.0067186335933040395,
        0.24921583825224422,
        0.15695736684724165,
        0.1941282532780838
      ],
      [
        0.04257801916554082,
        0.03849763738335918,
        1.0,
        0.10708327586452546,
        0.6198072276446266,
        0.005885899783508472,
        0.13248551586827118,
        0.05920489416381175,
        0.025708513056099433,
        0.2547284883556107
      ],
      [
        0.17250849549096087,
        0.05898465462342389,
        0.10708327586452546,
        1.0,
        0.14164804818515347,
        0.020054551252928147,
        0.10914584488141307,
        0.008888901940364853,
        0.007972340232712363,
        0.057499800133353145
      ],
      [
        0.1079474558108659,
        0.009094712368354315,
        0.6198072276446266,
        0.14164804818515347,
        1.0,
        0.06837118824568893,
        0.1915796310781983,
        0.005033923117852203,
        0.019873289172547964,
        0.17017671570806103
      ],
      [
        0.067661191032427,
        0.1674327234308284,
        0.005885899783508472,
        0.020054551252928147,
        0.06837118824568893,
        1.0,
        0.03907512453039961,
        0.24159237731200636,
        0.10499573791766209,
        0.12436725066220394
      ],
      [
        0.16302285770009972,
        0.0067186335933040395,
        0.13248551586827118,
        0.10914584488141307,
        0.1915796310781983,
        0.03907512453039961,
        1.0,
        0.011228105849027226,
        0.12420450627327642,
        0.034677090607520535
      ],
      [
        0.12939122010602902,
        0.24921583825224422,
        0.05920489416381175,
        0.008888901940364853,
        0.005033923117852203,
        0.24159237731200636,
        0.011228105849027226,
        1.0,
        0.09248766725271065,
        0.5595707532203936
      ],
      [
        0.032110723921910694,
        0.15695736684724165,
        0.025708513056099433,
        0.007972340232712363,
        0.019873289172547964,
        0.10499573791766209,
        0.12420450627327642,
        0.09248766725271065,
        1.0,
        0.05704757487548074
      ],
      [
        0.06816584842441498,
        0.1941282532780838,
        0.2547284883556107,
        0.057499800133353145,
        0.17017671570806103,
        0.12436725066220394,
        0.034677090607520535,
        0.5595707532203936,
        0.05704757487548074,
        1.0
      ]
    ],
    "theta": [
      [
        1.0,
        0.07013314038497948,
        0.09514520389017733,
        0.1609791148786873,
        0.13108678220701803,
        0.019270328140270618,
        0.23737621000035886,
        0.10605522411322889,
        0.015868387802350076,
        0.16342005998006343
      ],
      [
        0.07013314038497948,
        1.0,
        0.042453999657169325,
        0.05267099996861377,
        0.0076720763637690296,
        0.2716899428305941,
        0.008482799556726012,
        0.23831560862496765,
        0.19461753038643698,
        0.21270171162834847
      ],
      [
        0.09514520389017733,
        0.042453999657169325,
        1.0,
        0.17090413759188275,
        0.5460301950936144,
        0.014392890173816184,
        0.10678024670036036,
        0.05618956196981865,
        0.018682059730289125,
        0.23344361802340777
      ],
      [
        0.1609791148786873,
        0.05267099996861377,
        0.17090413759188275,
        1.0,
        0.20631892356751808,
        0.009215442026660912,
        0.2016052829958366,
        0.009741218673160896,
        0.009241105616392426,
        0.11169036923847776
      ],
      [
        0.13108678220701803,
        0.0076720763637690296,
        0.5460301950936144,
        0.20631892356751808,
        1.0,
        0.06724082735878026,
        0.13779374070615705,
        0.004259198930060171,
        0.01427329918904095,
        0.16120018668787361
      ],
      [
        0.019270328140270618,
        0.2716899428305941,
        0.014392890173816184,
        0.009215442026660912,
        0.06724082735878026,
        1.0,
        0.04503831500246741,
        0.3341491894951397,
        0.16771665281878603,
        0.10972818066343028
      ],
      [
        0.23737621000035886,
        0.008482799556726012,
        0.10678024670036036,
        0.2016052829958366,
        0.13779374070615705,
        0.04503831500246741,
        1.0,
        0.010363492503863765,
        0.12060874830846201,
        0.02348730343765348
      ],
      [
        0.10605522411322889,
        0.23831560862496765,
        0.05618956196981865,
        0.009741218673160896,
        0.004259198930060171,
        0.3341491894951397,
        0.010363492503863765,
        1.0,
        0.1345663680847018,
        0.5035837398773204
      ],
      [
        0.015868387802350076,
        0.19461753038643698,
        0.018682059730289125,
        0.009241105616392426,
        0.01427329918904095,
        0.16771665281878603,
        0.12060874830846201,
        0.1345663680847018,
        1.0,
        0.06672823236864088
      ],
      [
        0.16342005998006343,
        0.21270171162834847,
        0.23344361802340777,
        0.11169036923847776,
        0.16120018668787361,
        0.10972818066343028,
        0.02348730343765348,
        0.5035837398773204,
        0.06672823236864088,
        1.0
      ]
    ],
    "alpha": [
      [
        1.0,
        0.020258809400911282,
        0.09814608470235466,
        0.1345169415522745,
        0.18069754460823959,
        0.28082807558540096,
        0.049165056279903065,
        0.08819661697322982,
        0.04553300515386328,
        0.004486401887875881
      ],
      [
        0.020258809400911282,
        1.0,
        0.07567592043833991,
        0.03222744183313048,
        0.044495686283624686,
        0.09834273321035858,
        0.006049726506629544,
        0.18628543091894006,
        0.22191441936126638,
        0.20696383870927207
      ],
      [
        0.09814608470235466,
        0.07567592043833991,
        1.0,
        0.18142683431956547,
        0.6483312263368232,
        0.02151888686526697,
        0.13258062823957031,
        0.04613939426422229,
        0.0599795091909588,
        0.21535333293124506
      ],
      [
        0.1345169415522745,
        0.03222744183313048,
        0.18142683431956547,
        1.0,
        0.2202532066366301,
        0.045364924692384366,
        0.17299279792628022,
        0.01646703857449079,
        0.007926205334959906,
        0.09887553081120805
      ],
      [
        0.18069754460823959,
        0.044495686283624686,
        0.6483312263368232,
        0.2202532066366301,
        1.0,
        0.04358422411873031,
        0.1345940279576348,
        0.008335998202759511,
        0.05099711996829421,
        0.16769850672864145
      ],
      [
        0.28082807558540096,
        0.09834273321035858,
        0.02151888686526697,
        0.045364924692384366,
        0.04358422411873031,
        1.0,
        0.009907347996533845,
        0.3315673318004461,
        0.058907264014054016,
        0.21737964000622967
      ],
      [
        0.049165056279903065,
        0.006049726506629544,
        0.13258062823957031,
        0.17299279792628022,
        0.1345940279576348,
        0.009907347996533845,
        1.0,
        0.03031838939495954,
        0.1113128316121791,
        0.07607619088955174
      ],
      [
        0.08819661697322982,
        0.18628543091894006,
        0.04613939426422229,
        0.01646703857449079,
        0.008335998202759511,
        0.3315673318004461,
        0.03031838939495954,
        1.0,
        0.16076507638642648,
        0.5835409102456446
      ],
      [
        0.04553300515386328,
        0.22191441936126638,
        0.0599795091909588,
        0.007926205334959906,
        0.05099711996829421,
        0.058907264014054016,
        0.1113128316121791,
        0.16076507638642648,
        1.0,
        0.12431207743599945
      ],
      [
        0.004486401887875881,
        0.20696383870927207,
        0.21535333293124506,
        0.09887553081120805,
        0.16769850672864145,
        0.21737964000622967,
        0.07607619088955174,
        0.5835409102456446,
        0.12431207743599945,
        1.0
      ]
    ],
    "beta": [
      [
        1.0,
        0.11899659505921084,
        0.11381865000863113,
        0.1427014905899025,
        0.2225641888750403,
        0.3808617256913728,
        0.02949859655533938,
        0.08432858693057442,
        0.0633534712405195,
        0.004670500844422134
      ],
      [
        0.11899659505921084,
        1.0,
        0.08258970781630622,
        0.019442513375271947,
        0.06431752240633026,
        0.049695493897722515,
        0.011716544342673664,
        0.10773798338628111,
        0.2002397898612767,
        0.13262970266544616
      ],
      [
        0.11381865000863113,
        0.08258970781630622,
        1.0,
        0.18328793233892426,
        0.784403618404769,
        0.017916353230930215,
        0.10174900381672992,
        0.027969562930276047,
        0.0841976537212589,
        0.19849786543520248
      ],
      [
        0.1427014905899025,
        0.019442513375271947,
        0.18328793233892426,
        1.0,
        0.26317786541888627,
        0.08130272424835462,
        0.17325796007261537,
        0.012593673519790688,
        0.01549959399001576,
        0.05624647037971326
      ],
      [
        0.2225641888750403,
        0.06431752240633026,
        0.784403618404769,
        0.26317786541888627,
        1.0,
        0.030098451871744966,
        0.09222014110697217,
        0.00315796721401839,
        0.08006967636623208,
        0.14777538713719007
      ],
      [
        0.3808617256913728,
        0.049695493897722515,
        0.017916353230930215,
        0.08130272424835462,
        0.030098451871744966,
        1.0,
        0.09792013399386493,
        0.3827425508623719,
        0.04208662009744253,
        0.31677791488461576
      ],
      [
        0.02949859655533938,
        0.011716544342673664,
        0.10174900381672992,
        0.17325796007261537,
        0.09222014110697217,
        0.09792013399386493,
        1.0,
        0.047903314956536776,
        0.12990517491040893,
        0.11205328575210327
      ],
      [
        0.08432858693057442,
        0.10773798338628111,
        0.027969562930276047,
        0.012593673519790688,
        0.00315796721401839,
        0.3827425508623719,
        0.047903314956536776,
        1.0,
        0.14595542920318108,
        0.7103923000779525
      ],
      [
        0.0633534712405195,
        0.2002397898612767,
        0.0841976537212589,
        0.01549959399001576,
        0.08006967636623208,
        0.04208662009744253,
        0.12990517491040893,
        0.14595542920318108,
        1.0,
        0.09099011679381115
      ],
      [
        0.004670500844422134,
        0.13262970266544616,
        0.19849786543520248,
        0.05624647037971326,
        0.14777538713719007,
        0.31677791488461576,
        0.11205328575210327,
        0.7103923000779525,
        0.09099011679381115,
        1.0
      ]
    ],
    "gamma": [
      [
        1.0,
        0.1660450810430682,
        0.11263863798688382,
        0.14092012445976426,
        0.2203765023919851,
        0.3920888348695506,
        0.032703664402702816,
        0.06041902336309536,
        0.059973358278088654,
        0.003545429417266021
      ],
      [
        0.1660450810430682,
        1.0,
        0.07704748740386999,
        0.010639480494444794,
        0.06918686440639948,
        0.02800165678761385,
        0.015939409929203268,
        0.045157193130796185,
        0.159631705204905,
        0.06693542462685637
      ],
      [
        0.11263863798688382,
        0.07704748740386999,
        1.0,
        0.1540763996102619,
        0.8008625181262576,
        0.008611448604279036,
        0.056837936212470644,
        0.02062138664279476,
        0.07107941212231576,
        0.18291441557375832
      ],
      [
        0.14092012445976426,
        0.010639480494444794,
        0.1540763996102619,
        1.0,
        0.24154702183743426,
        0.07714382968446501,
        0.13938376276003736,
        0.007307438273938122,
        0.009919021881318827,
        0.02118279541021159
      ],
      [
        0.2203765023919851,
        0.06918686440639948,
        0.8008625181262576,
        0.24154702183743426,
        1.0,
        0.015558048612922395,
        0.03855978947306678,
        0.0012939511059800342,
        0.07333428049484036,
        0.13302855649771392
      ],
      [
        0.3920888348695506,
        0.02800165678761385,
        0.008611448604279036,
        0.07714382968446501,
        0.015558048612922395,
        1.0,
        0.1408133261550342,
        0.3754396314233571,
        0.029795175917098536,
        0.3281498621451056
      ],
      [
        0.032703664402702816,
        0.015939409929203268,
        0.056837936212470644,
        0.13938376276003736,
        0.03855978947306678,
        0.1408133261550342,
        1.0,
        0.053330852404202475,
        0.12265202706978065,
        0.10894828860053438
      ],
      [
        0.06041902336309536,
        0.045157193130796185,
        0.02062138664279476,
        0.007307438273938122,
        0.0012939511059800342,
        0.3754396314233571,
        0.053330852404202475,
        1.0,
        0.11399111590552553,
        0.7270755131542266
      ],
      [
        0.059973358278088654,
        0.159631705204905,
        0.07107941212231576,
        0.009919021881318827,
        0.07333428049484036,
        0.029795175917098536,
        0.12265202706978065,
        0.11399111590552553,
        1.0,
        0.04368676860490707
      ],
      [
        0.003545429417266021,
        0.06693542462685637,
        0.18291441557375832,
        0.02118279541021159,
        0.13302855649771392,
        0.3281498621451056,
        0.10894828860053438,
        0.7270755131542266,
        0.04368676860490707,
        1.0
      ]
    ],
    "full": [
      [
        1.0,
        0.11647196597807909,
        0.09976270129942748,
        0.147378433236255,
        0.19383219276131358,
        0.3014855279156746,
        0.06877689922425638,
        0.08403413429509933,
        0.05222334747327354,
        0.02620363916775292
      ],
      [
        0.11647196597807909,
        1.0,
        0.07005549716513865,
        0.02567963130937721,
        0.05181243069549392,
        0.0802837217255053,
        0.011887155405128818,
        0.12152081655750013,
        0.17919725914706294,
        0.1287013838992196
      ],
      [
        0.09976270129942748,
        0.07005549716513865,
        1.0,
        0.15923317315750043,
        0.7366079185361579,
        0.012492787119324316,
        0.09196289253890354,
        0.03351722534590327,
        0.06325125157923547,
        0.20513980517503663
      ],
      [
        0.147378433236255,
        0.02567963130937721,
        0.15923317315750043,
        1.0,
        0.2284857536490132,
        0.061970731895434235,
        0.15252618652119934,
        0.010069072813633442,
        0.011131190521802631,
        0.0504973352989464
      ],
      [
        0.19383219276131358,
        0.05181243069549392,
        0.7366079185361579,
        0.2284857536490132,
        1.0,
        0.03428857527080618,
        0.09363281097026241,
        0.0032126667503459853,
        0.06092054657242778,
        0.14811511198999744
      ],
      [
        0.3014855279156746,
        0.0802837217255053,
        0.012492787119324316,
        0.061970731895434235,
        0.03428857527080618,
        1.0,
        0.09452639067772546,
        0.35054381819122093,
        0.057995211741802076,
        0.267977176327543
      ],
      [
        0.06877689922425638,
        0.011887155405128818,
        0.09196289253890354,
        0.15252618652119934,
        0.09363281097026241,
        0.09452639067772546,
        1.0,
        0.040108124264925944,
        0.12409318672751792,
        0.08937478935025626
      ],
      [
        0.08403413429509933,
        0.12152081655750013,
        0.03351722534590327,
        0.010069072813633442,
        0.0032126667503459853,
        0.35054381819122093,
        0.040108124264925944,
        1.0,
        0.12569877502437704,
        0.6679394555882074
      ],
      [
        0.05222334747327354,
        0.17919725914706294,
        0.06325125157923547,
        0.011131190521802631,
        0.06092054657242778,
        0.057995211741802076,
        0.12409318672751792,
        0.12569877502437704,
        1.0,
        0.06827152075041397
      ],
      [
        0.02620363916775292,
        0.1287013838992196,
        0.20513980517503663,
        0.0504973352989464,
        0.14811511198999744,
        0.267977176327543,
        0.08937478935025626,
        0.6679394555882074,
        0.06827152075041397,
        1.0
      ]
    ]
  },
  "correlation": [
    [
      1.0,
      -0.3676561233715548,
      0.3129601192455871,
      0.4069823055990906,
      0.4367439731303805,
      -0.49353902221689483,
      0.3157261258560161,
      -0.27768479382190886,
      -0.11498912808891491,
      -0.12651809840982153
    ],
    [
      -0.36765612337155473,
      1.0,
      -0.20152687989387066,
      -0.01192385286472234,
      -0.22134673208406572,
      0.27414856500427565,
      -0.33888622649631567,
      -0.013489349143398183,
      0.2992214800615882,
      -0.055452119475621876
    ],
    [
      0.31296011924558714,
      -0.20152687989387066,
      0.9999999999999998,
      0.31797331359510955,
      0.8687680157356457,
      -0.06145779909221323,
      -0.07875299041151779,
      -0.09959457574104019,
      -0.24614642536117448,
      0.21077777723158994
    ],
    [
      0.40698230559909054,
      -0.011923852864722338,
      0.3179733135951095,
      0.9999999999999999,
      0.44730759816732923,
      -0.27695444018178617,
      0.2983503955211991,
      -0.18655245700694822,
      -0.07103926296948508,
      -0.043453380968306296
    ],
    [
      0.43674397313038044,
      -0.22134673208406572,
      0.8687680157356458,
      0.44730759816732923,
      1.0,
      -0.21878495131949505,
      -0.002981483277833973,
      -0.22027287755826314,
      -0.30737000162420103,
      0.14153851509666335
    ],
    [
      -0.4935390222168948,
      0.27414856500427565,
      -0.06145779909221323,
      -0.27695444018178617,
      -0.21878495131949505,
      0.9999999999999999,
      -0.35597724808952846,
      0.5508679115509466,
      0.21815891064366608,
      0.5171304334579819
    ],
    [
      0.3157261258560161,
      -0.33888622649631567,
      -0.07875299041151779,
      0.2983503955211991,
      -0.0029814832778339725,
      -0.3559772480895284,
      1.0,
      -0.18871261568614314,
      0.25130977406920973,
      -0.2585736209089548
    ],
    [
      -0.27768479382190886,
      -0.013489349143398183,
      -0.0995945757410402,
      -0.18655245700694822,
      -0.22027287755826314,
      0.5508679115509466,
      -0.18871261568614314,
      1.0,
      0.37361009066972267,
      0.8206581940484323
    ],
    [
      -0.11498912808891491,
      0.2992214800615882,
      -0.24614642536117448,
      -0.07103926296948508,
      -0.30737000162420103,
      0.21815891064366608,
      0.2513097740692098,
      0.3736100906697226,
      1.0,
      0.20113932834333295
    ],
    [
      -0.12651809840982153,
      -0.05545211947562187,
      0.2107777772315899,
      -0.043453380968306296,
      0.14153851509666335,
      0.5171304334579819,
      -0.25857362090895475,
      0.8206581940484322,
      0.20113932834333295,
      0.9999999999999998
    ]
  ],
  "mutual_information": [
    [
      0.0,
      0.9142016292582282,
      0.43626837889933934,
      0.3684198715374744,
      0.4110065130007337,
      0.5512126613627821,
      0.4989277415870982,
      0.38275953748888697,
      0.3132164100878377,
      0.32048533267633983
    ],
    [
      0.9142016292582282,
      0.0,
      0.4408011751510723,
      0.34312686694144484,
      0.429532832150558,
      0.45831233355040585,
      0.4786605821155765,
      0.44264494050832814,
      0.3779769649075738,
      0.32626348477204403
    ],
    [
      0.43626837889933934,
      0.4408011751510723,
      0.0,
      0.31464282472362404,
      0.9999999998872988,
      0.37245702483913096,
      0.362225743601397,
      0.4150853263586369,
      0.3799755707765604,
      0.41591356820708203
    ],
    [
      0.3684198715374744,
      0.34312686694144484,
      0.31464282472362404,
      0.0,
      0.3903487581233809,
      0.32719788951088596,
      0.3247549077238391,
      0.2681686193041521,
      0.29072246465625773,
      0.2296314234588252
    ],
    [
      0.4110065130007337,
      0.429532832150558,
      0.9999999998872988,
      0.3903487581233809,
      0.0,
      0.3496639515362268,
      0.40618550396777153,
      0.3962783140636091,
      0.393874355642883,
      0.41521095896969273
    ],
    [
      0.5512126613627821,
      0.45831233355040585,
      0.37245702483913096,
      0.32719788951088596,
      0.3496639515362268,
      0.0,
      0.8265833785263138,
      0.4977111847641036,
      0.37596419791938895,
      0.4170377755649332
    ],
    [
      0.4989277415870982,
      0.4786605821155765,
      0.362225743601397,
      0.3247549077238391,
      0.40618550396777153,
      0.8265833785263138,
      0.0,
      0.5152509397043638,
      0.43471044228036165,
      0.49617507591117976
    ],
    [
      0.38275953748888697,
      0.44264494050832814,
      0.4150853263586369,
      0.2681686193041521,
      0.3962783140636091,
      0.4977111847641036,
      0.5152509397043638,
      0.0,
      0.4334777015537339,
      0.8592028359383653
    ],
    [
      0.3132164100878377,
      0.3779769649075738,
      0.3799755707765604,
      0.29072246465625773,
      0.393874355642883,
      0.37596419791938895,
      0.43471044228036165,
      0.4334777015537339,
      0.0,
      0.3363964498903655
    ],
    [
      0.32048533267633983,
      0.32626348477204403,
      0.41591356820708203,
      0.2296314234588252,
      0.41521095896969273,
      0.4170377755649332,
      0.49617507591117976,
      0.8592028359383653,
      0.3363964498903655,
      0.0
    ]
  ],
  "network": {
    "global_metrics": {
      "n_nodes": 10,
      "n_edges": 11,
      "density": 0.24444444444444444,
      "is_connected": false,
      "diameter": 4,
      "average_path_length": 1.9642857142857142,
      "global_efficiency": 0.6309523809523808,
      "largest_component_size": 8,
      "avg_clustering": 0.26666666666666666,
      "transitivity": 0.35294117647058826,
      "assortativity": 0.3015873015873016,
      "small_worldness": 0.0,
      "modularity": 0.42802158307704774
    },
    "nodal_metrics": {
      "LT_TA": {
        "degree": 2,
        "degree_centrality": 0.2222222222222222,
        "betweenness_centrality": 0.06944444444444445,
        "closeness_centrality": 0.4188034188034188,
        "eigenvector_centrality": 0.2912694999526005,
        "pagerank": 0.06463837344239891,
        "clustering": 0
      },
      "LT_GL": {
        "degree": 1,
        "degree_centrality": 0.1111111111111111,
        "betweenness_centrality": 0.0,
        "closeness_centrality": 0.1111111111111111,
        "eigenvector_centrality": 3.310965387276724e-06,
        "pagerank": 0.1,
        "clustering": 0
      },
      "LT_RF": {
        "degree": 3,
        "degree_centrality": 0.3333333333333333,
        "betweenness_centrality": 0.18055555555555555,
        "closeness_centrality": 0.494949494949495,
        "eigenvector_centrality": 0.44465268251761747,
        "pagerank": 0.13215245984485843,
        "clustering": 0.3333333333333333
      },
      "LT_HAM": {
        "degree": 3,
        "degree_centrality": 0.3333333333333333,
        "betweenness_centrality": 0.16666666666666666,
        "closeness_centrality": 0.4188034188034188,
        "eigenvector_centrality": 0.37029976129962083,
        "pagerank": 0.08522685888520405,
        "clustering": 0.3333333333333333
      },
      "LT_VL": {
        "degree": 3,
        "degree_centrality": 0.3333333333333333,
        "betweenness_centrality": 0.1111111111111111,
        "closeness_centrality": 0.4537037037037037,
        "eigenvector_centrality": 0.4119172767333656,
        "pagerank": 0.1422921616944836,
        "clustering": 0.3333333333333333
      },
      "RT_TA": {
        "degree": 3,
        "degree_centrality": 0.3333333333333333,
        "betweenness_centrality": 0.06944444444444445,
        "closeness_centrality": 0.3888888888888889,
        "eigenvector_centrality": 0.3702997612996208,
        "pagerank": 0.10558177483482106,
        "clustering": 0.3333333333333333
      },
      "RT_GL": {
        "degree": 1,
        "degree_centrality": 0.1111111111111111,
        "betweenness_centrality": 0.0,
        "closeness_centrality": 0.28654970760233917,
        "eigenvector_centrality": 0.13788631738758356,
        "pagerank": 0.03545271972509176,
        "clustering": 0
      },
      "RT_RF": {
        "degree": 2,
        "degree_centrality": 0.2222222222222222,
        "betweenness_centrality": 0.0,
        "closeness_centrality": 0.3402777777777778,
        "eigenvector_centrality": 0.2912694999526005,
        "pagerank": 0.11081392313680755,
        "clustering": 1.0
      },
      "RT_HAM": {
        "degree": 1,
        "degree_centrality": 0.1111111111111111,
        "betweenness_centrality": 0.0,
        "closeness_centrality": 0.1111111111111111,
        "eigenvector_centrality": 3.310965387276724e-06,
        "pagerank": 0.1,
        "clustering": 0
      },
      "RT_VL": {
        "degree": 3,
        "degree_centrality": 0.3333333333333333,
        "betweenness_centrality": 0.15277777777777776,
        "closeness_centrality": 0.4537037037037037,
        "eigenvector_centrality": 0.41191727673336564,
        "pagerank": 0.12384172843633479,
        "clustering": 0.3333333333333333
      }
    },
    "communities": {
      "LT_TA": 1,
      "LT_GL": 0,
      "LT_RF": 2,
      "LT_HAM": 2,
      "LT_VL": 2,
      "RT_TA": 1,
      "RT_GL": 2,
      "RT_RF": 1,
      "RT_HAM": 0,
      "RT_VL": 1
    }
  },
  "analysis_time": 101.64788603782654
}