{
  "subject_id": "S19",
  "data_info": {
    "duration": 185.8305,
    "sampling_rate": 2000
  },
  "quality_metrics": {
    "channel_0": {
      "snr_db": -66.82465023310586,
      "rms": 0.2095533325054159,
      "peak_to_peak": 1.0335782734272159
    },
    "channel_1": {
      "snr_db": -70.61514879394628,
      "rms": 0.29554101595952564,
      "peak_to_peak": 1.0216545794391885
    },
    "channel_2": {
      "snr_db": -69.2182010875805,
      "rms": 0.2377856577017852,
      "peak_to_peak": 1.0154642743674502
    },
    "channel_3": {
      "snr_db": -64.79151372212122,
      "rms": 0.27178267969790854,
      "peak_to_peak": 1.0474551689712577
    },
    "channel_4": {
      "snr_db": -68.55537351484712,
      "rms": 0.33333136720540163,
      "peak_to_peak": 1.150990150432661
    },
    "channel_5": {
      "snr_db": -67.67069898165016,
      "rms": 0.2883572941683514,
      "peak_to_peak": 1.0342799666287734
    },
    "channel_6": {
      "snr_db": -66.16628866315877,
      "rms": 0.25533462483344294,
      "peak_to_peak": 1.0238440072437727
    },
    "channel_7": {
      "snr_db": -70.443269525441,
      "rms": 0.26999136561401715,
      "peak_to_peak": 1.0286930543462918
    },
    "channel_8": {
      "snr_db": -67.51220540898035,
      "rms": 0.2506377149614006,
      "peak_to_peak": 1.0251654949961049
    },
    "channel_9": {
      "snr_db": -66.1489604194357,
      "rms": 0.2213284455175921,
      "peak_to_peak": 1.0196939055517376
    }
  },
  "n_cycles": 189,
  "coherence": {
    "delta": [
      [
        1.0,
        0.06493573971317555,
        0.2485132878076054,
        0.012988010533656459,
        0.18299718985526975,
        0.1873482441055241,
        0.005395370822603279,
        0.035110990666612635,
        0.14107620053149583,
        0.1508405389873112
      ],
      [
        0.06493573971317555,
        1.0,
        0.13051013093178399,
        0.31269551894589775,
        0.3063682335269628,
        0.00609728594932108,
        0.11437047319591068,
        0.09464740858322084,
        0.17564225480172005,
        0.0753359970641183
      ],
      [
        0.2485132878076054,
        0.13051013093178399,
        1.0,
        0.24661195183939325,
        0.009060080240070724,
        0.3123135328253505,
        0.13399748739519268,
        0.14943662779336137,
        0.04777887992798133,
        0.0146219818475765
      ],
      [
        0.012988010533656459,
        0.31269551894589775,
        0.24661195183939325,
        1.0,
        0.014090308153964568,
        0.13141103807912374,
        0.12114424227869286,
        0.13480716188985967,
        0.06482081288595995,
        0.004869249541611054
      ],
      [
        0.18299718985526975,
        0.3063682335269628,
        0.009060080240070724,
        0.014090308153964568,
        1.0,
        0.11412380797509689,
        0.11401256433140261,
        0.0332972374029543,
        0.31595270747283233,
        0.14613386792824704
      ],
      [
        0.1873482441055241,
        0.00609728594932108,
        0.3123135328253505,
        0.13141103807912374,
        0.11412380797509689,
        1.0,
        0.03255560702271768,
        0.24173027833780647,
        0.10838733401765313,
        0.06926473928068971
      ],
      [
        0.005395370822603279,
        0.11437047319591068,
        0.13399748739519268,
        0.12114424227869286,
        0.11401256433140261,
        0.03255560702271768,
        1.0,
        0.07646776121986151,
        0.344550824487197,
        0.07926326874276468
      ],
      [
        0.035110990666612635,
        0.09464740858322084,
        0.14943662779336137,
        0.13480716188985967,
        0.0332972374029543,
        0.24173027833780647,
        0.07646776121986151,
        1.0,
        0.007183918494090834,
        0.07821412041509065
      ],
      [
        0.14107620053149583,
        0.17564225480172005,
        0.04777887992798133,
        0.06482081288595995,
        0.31595270747283233,
        0.10838733401765313,
        0.344550824487197,
        0.007183918494090834,
        1.0,
        0.34159572771723123
      ],
      [
        0.1508405389873112,
        0.0753359970641183,
        0.0146219818475765,
        0.004869249541611054,
        0.14613386792824704,
        0.06926473928068971,
        0.07926326874276468,
        0.07821412041509065,
        0.34159572771723123,
        1.0
      ]
    ],
    "theta": [
      [
        1.0,
        0.12141423905944858,
        0.25916375922283597,
        0.02523162746258809,
        0.16643665383936423,
        0.19816990148240768,
        0.00344446172582229,
        0.01569597194998551,
        0.2504383907747238,
        0.25719221580422785
      ],
      [
        0.12141423905944858,
        1.0,
        0.10161280746111821,
        0.21907896329047064,
        0.23315238770833288,
        0.016957570439252726,
        0.1434597940549595,
        0.08418614569683641,
        0.3135555914296095,
        0.05909838162830486
      ],
      [
        0.25916375922283597,
        0.10161280746111821,
        1.0,
        0.11453122474123274,
        0.08192272855968168,
        0.2183061866469663,
        0.29080173805321025,
        0.21372846023656158,
        0.1157013557315201,
        0.017202190398415494
      ],
      [
        0.02523162746258809,
        0.21907896329047064,
        0.11453122474123274,
        1.0,
        0.0007527706842157262,
        0.1272033224669107,
        0.09554451673460658,
        0.16625706119643124,
        0.05382657253170918,
        0.012682920484011834
      ],
      [
        0.16643665383936423,
        0.23315238770833288,
        0.08192272855968168,
        0.0007527706842157262,
        1.0,
        0.26304625229953527,
        0.14684582806638682,
        0.08126745982529819,
        0.46185945298871517,
        0.08293834724313622
      ],
      [
        0.19816990148240768,
        0.016957570439252726,
        0.2183061866469663,
        0.1272033224669107,
        0.26304625229953527,
        1.0,
        0.06643959495725475,
        0.31818154198534954,
        0.15543006338502569,
        0.032073852980352195
      ],
      [
        0.00344446172582229,
        0.1434597940549595,
        0.29080173805321025,
        0.09554451673460658,
        0.14684582806638682,
        0.06643959495725475,
        1.0,
        0.123801448386564,
        0.3081029162577612,
        0.0743514272006607
      ],
      [
        0.01569597194998551,
        0.08418614569683641,
        0.21372846023656158,
        0.16625706119643124,
        0.08126745982529819,
        0.31818154198534954,
        0.123801448386564,
        1.0,
        0.028326437088762025,
        0.040785780680555966
      ],
      [
        0.2504383907747238,
        0.3135555914296095,
        0.1157013557315201,
        0.05382657253170918,
        0.46185945298871517,
        0.15543006338502569,
        0.3081029162577612,
        0.028326437088762025,
        1.0,
        0.22611413490090235
      ],
      [
        0.25719221580422785,
        0.05909838162830486,
        0.017202190398415494,
        0.012682920484011834,
        0.08293834724313622,
        0.032073852980352195,
        0.0743514272006607,
        0.040785780680555966,
        0.22611413490090235,
        1.0
      ]
    ],
    "alpha": [
      [
        1.0,
        0.010200250618013681,
        0.26802746437767905,
        0.0015142357944259953,
        0.06779788689124261,
        0.17284562231239137,
        0.00987650863516442,
        0.17668965344905574,
        0.11932489630695958,
        0.3057772330209026
      ],
      [
        0.010200250618013681,
        1.0,
        0.22077137949266035,
        0.21483793051846026,
        0.3146634578033533,
        0.004486518731975075,
        0.22891760772746897,
        0.1433021777449303,
        0.28145265557457977,
        0.1523612712739636
      ],
      [
        0.26802746437767905,
        0.22077137949266035,
        1.0,
        0.18343840504015485,
        0.010799547751059272,
        0.16459609337138734,
        0.17710174524072686,
        0.26642572781073137,
        0.02171120198608745,
        0.08683400298586959
      ],
      [
        0.0015142357944259953,
        0.21483793051846026,
        0.18343840504015485,
        1.0,
        0.03436081352338953,
        0.15734234017297866,
        0.13415587626395742,
        0.22644135421571482,
        0.04120197435890809,
        0.00043643248433172766
      ],
      [
        0.06779788689124261,
        0.3146634578033533,
        0.010799547751059272,
        0.03436081352338953,
        1.0,
        0.15803422730660652,
        0.18568915641617864,
        0.08394032206837977,
        0.36501489869998693,
        0.12618987567156495
      ],
      [
        0.17284562231239137,
        0.004486518731975075,
        0.16459609337138734,
        0.15734234017297866,
        0.15803422730660652,
        1.0,
        0.02976396676776219,
        0.34141001271346255,
        0.05987873488068173,
        0.04838995407436759
      ],
      [
        0.00987650863516442,
        0.22891760772746897,
        0.17710174524072686,
        0.13415587626395742,
        0.18568915641617864,
        0.02976396676776219,
        1.0,
        0.030662241705327754,
        0.302368555717124,
        0.015620923616473516
      ],
      [
        0.17668965344905574,
        0.1433021777449303,
        0.26642572781073137,
        0.22644135421571482,
        0.08394032206837977,
        0.34141001271346255,
        0.030662241705327754,
        1.0,
        0.05877875225825682,
        0.1671382058850998
      ],
      [
        0.11932489630695958,
        0.28145265557457977,
        0.02171120198608745,
        0.04120197435890809,
        0.36501489869998693,
        0.05987873488068173,
        0.302368555717124,
        0.05877875225825682,
        1.0,
        0.2201603631181202
      ],
      [
        0.3057772330209026,
        0.1523612712739636,
        0.08683400298586959,
        0.00043643248433172766,
        0.12618987567156495,
        0.04838995407436759,
        0.015620923616473516,
        0.1671382058850998,
        0.2201603631181202,
        1.0
      ]
    ],
    "beta": [
      [
        1.0,
        0.05705362156622395,
        0.2644412287799873,
        0.0021376226540261935,
        0.17060622141941895,
        0.11885968883714405,
        0.003574126449481645,
        0.12072404690298831,
        0.13596313318040948,
        0.24514179737201508
      ],
      [
        0.05705362156622395,
        1.0,
        0.2246837765864219,
        0.30212404033852874,
        0.5430013349282004,
        0.045193379703807095,
        0.12598685502084994,
        0.3734416284535585,
        0.19956655506595863,
        0.19417660556684063
      ],
      [
        0.2644412287799873,
        0.2246837765864219,
        1.0,
        0.31958200010880117,
        0.03068567008177279,
        0.2579957860785579,
        0.15565635551918036,
        0.21726490974781096,
        0.07617979017944032,
        0.08220838032468931
      ],
      [
        0.0021376226540261935,
        0.30212404033852874,
        0.31958200010880117,
        1.0,
        0.07117337937246956,
        0.09419232346749307,
        0.10423609895802831,
        0.2510827162182114,
        0.03163471882535318,
        0.010811237322250524
      ],
      [
        0.17060622141941895,
        0.5430013349282004,
        0.03068567008177279,
        0.07117337937246956,
        1.0,
        0.12167881693536375,
        0.08902053149151025,
        0.23006459203902965,
        0.30308830726664177,
        0.23231113645480406
      ],
      [
        0.11885968883714405,
        0.045193379703807095,
        0.2579957860785579,
        0.09419232346749307,
        0.12167881693536375,
        1.0,
        0.2449589716452356,
        0.3007526571802849,
        0.023774474238443526,
        0.06715714756175223
      ],
      [
        0.003574126449481645,
        0.12598685502084994,
        0.15565635551918036,
        0.10423609895802831,
        0.08902053149151025,
        0.2449589716452356,
        1.0,
        0.10693057964330571,
        0.2927565470912274,
        0.010547414962880478
      ],
      [
        0.12072404690298831,
        0.3734416284535585,
        0.21726490974781096,
        0.2510827162182114,
        0.23006459203902965,
        0.3007526571802849,
        0.10693057964330571,
        1.0,
        0.058572090060399866,
        0.1733054761610271
      ],
      [
        0.13596313318040948,
        0.19956655506595863,
        0.07617979017944032,
        0.03163471882535318,
        0.30308830726664177,
        0.023774474238443526,
        0.2927565470912274,
        0.058572090060399866,
        1.0,
        0.40633993663984214
      ],
      [
        0.24514179737201508,
        0.19417660556684063,
        0.08220838032468931,
        0.010811237322250524,
        0.23231113645480406,
        0.06715714756175223,
        0.010547414962880478,
        0.1733054761610271,
        0.40633993663984214,
        1.0
      ]
    ],
    "gamma": [
      [
        1.0,
        0.041861870675147586,
        0.2540768895145173,
        0.0035246800293729473,
        0.15192973864129078,
        0.07113420187706297,
        0.0037894293557505765,
        0.0486366368680474,
        0.10132574302332173,
        0.18388092797800443
      ],
      [
        0.041861870675147586,
        1.0,
        0.18769339910150137,
        0.3044905198770037,
        0.5922051379929644,
        0.03844786940031457,
        0.04410582291290936,
        0.42569736375115774,
        0.1069013407914925,
        0.16945933335283164
      ],
      [
        0.2540768895145173,
        0.18769339910150137,
        1.0,
        0.3257258178996512,
        0.023914428123300153,
        0.2222442886998425,
        0.11506822742509926,
        0.10902224980663504,
        0.10015469179437286,
        0.06401463416921249
      ],
      [
        0.0035246800293729473,
        0.3044905198770037,
        0.3257258178996512,
        1.0,
        0.08108604551943607,
        0.040964882050669046,
        0.041067379518622125,
        0.2385531538658804,
        0.013205310003264378,
        0.019008088996940776
      ],
      [
        0.15192973864129078,
        0.5922051379929644,
        0.023914428123300153,
        0.08108604551943607,
        1.0,
        0.116826872490464,
        0.029022889715605942,
        0.30021090205427287,
        0.18502227837352578,
        0.21089143543920136
      ],
      [
        0.07113420187706297,
        0.03844786940031457,
        0.2222442886998425,
        0.040964882050669046,
        0.116826872490464,
        1.0,
        0.32085847066496465,
        0.22184635061867408,
        0.017584754848691764,
        0.05387863303610829
      ],
      [
        0.0037894293557505765,
        0.04410582291290936,
        0.11506822742509926,
        0.041067379518622125,
        0.029022889715605942,
        0.32085847066496465,
        1.0,
        0.09231866649363721,
        0.2741940046635933,
        0.006523427273939444
      ],
      [
        0.0486366368680474,
        0.42569736375115774,
        0.10902224980663504,
        0.2385531538658804,
        0.30021090205427287,
        0.22184635061867408,
        0.09231866649363721,
        1.0,
        0.03494447272057548,
        0.15112888296553423
      ],
      [
        0.10132574302332173,
        0.1069013407914925,
        0.10015469179437286,
        0.013205310003264378,
        0.18502227837352578,
        0.017584754848691764,
        0.2741940046635933,
        0.03494447272057548,
        1.0,
        0.42464660019553496
      ],
      [
        0.18388092797800443,
        0.16945933335283164,
        0.06401463416921249,
        0.019008088996940776,
        0.21089143543920136,
        0.05387863303610829,
        0.006523427273939444,
        0.15112888296553423,
        0.42464660019553496,
        1.0
      ]
    ],
    "full": [
      [
        1.0,
        0.05376998528803439,
        0.25787439706986626,
        0.006068905775945885,
        0.15710019225579044,
        0.12129398282613375,
        0.004411951121759441,
        0.07605284451418898,
        0.13095361046022475,
        0.2126632581675258
      ],
      [
        0.05376998528803439,
        1.0,
        0.18620050389773393,
        0.29155820711075847,
        0.48412179555717194,
        0.03128088668359009,
        0.10196883714016895,
        0.31069511332140237,
        0.1753127446791482,
        0.1527795950816943
      ],
      [
        0.25787439706986626,
        0.18620050389773393,
        1.0,
        0.28447312487643345,
        0.027165942902651872,
        0.242364148729423,
        0.14875884748358,
        0.16870756397372574,
        0.07988176440486121,
        0.06016821917109676
      ],
      [
        0.006068905775945885,
        0.29155820711075847,
        0.28447312487643345,
        1.0,
        0.05795522658481485,
        0.08684318791703495,
        0.08417462853701337,
        0.21995456718416254,
        0.03209504599848244,
        0.012395634332713203
      ],
      [
        0.15710019225579044,
        0.48412179555717194,
        0.027165942902651872,
        0.05795522658481485,
        1.0,
        0.1323213635192393,
        0.08167359136072626,
        0.2040857796251592,
        0.2766341836591202,
        0.1911613601374168
      ],
      [
        0.12129398282613375,
        0.03128088668359009,
        0.242364148729423,
        0.08684318791703495,
        0.1323213635192393,
        1.0,
        0.21118792428278604,
        0.2657918840914565,
        0.04731577980755745,
        0.0582319262341269
      ],
      [
        0.004411951121759441,
        0.10196883714016895,
        0.14875884748358,
        0.08417462853701337,
        0.08167359136072626,
        0.21118792428278604,
        1.0,
        0.0920549895056172,
        0.2955053332793965,
        0.024869668040298668
      ],
      [
        0.07605284451418898,
        0.31069511332140237,
        0.16870756397372574,
        0.21995456718416254,
        0.2040857796251592,
        0.2657918840914565,
        0.0920549895056172,
        1.0,
        0.03926798078305211,
        0.1394783497590474
      ],
      [
        0.13095361046022475,
        0.1753127446791482,
        0.07988176440486121,
        0.03209504599848244,
        0.2766341836591202,
        0.04731577980755745,
        0.2955053332793965,
        0.03926798078305211,
        1.0,
        0.37523528469157913
      ],
      [
        0.2126632581675258,
        0.1527795950816943,
        0.06016821917109676,
        0.012395634332713203,
        0.1911613601374168,
        0.0582319262341269,
        0.024869668040298668,
        0.1394783497590474,
        0.37523528469157913,
        1.0
      ]
    ]
  },
  "correlation": [
    [
      1.0,
      -0.19194505408724483,
      0.4061077080549946,
      -0.09429382172642624,
      -0.3794500622785077,
      -0.0319370292640135,
      -0.24339750294007795,
      -0.0072699392325244715,
      0.10186263381807666,
      0.37558322280375694
    ],
    [
      -0.1919450540872448,
      1.0,
      0.3903678132977916,
      0.5108177511945028,
      0.6438214806096121,
      0.10604318200278656,
      0.03854545599005349,
      0.4964847256179269,
      0.18747671169837513,
      0.24052684867886578
    ],
    [
      0.4061077080549946,
      0.39036781329779163,
      1.0,
      0.534457185208319,
      0.05346266441798807,
      -0.3252008503081376,
      0.16908804775179578,
      0.1929932195578558,
      0.08188022597363383,
      0.05994752927560337
    ],
    [
      -0.09429382172642625,
      0.5108177511945028,
      0.534457185208319,
      1.0,
      0.15076843256703776,
      -0.08622483518061108,
      0.09682635439342835,
      0.42868431512314004,
      -0.16970542578030715,
      -0.31656339504290887
    ],
    [
      -0.37945006227850775,
      0.643821480609612,
      0.05346266441798807,
      0.15076843256703776,
      1.0,
      0.22303736187851383,
      0.16031786358426936,
      0.3450654793325414,
      0.35150841198011173,
      0.3297265904988755
    ],
    [
      -0.03193702926401349,
      0.10604318200278656,
      -0.3252008503081376,
      -0.08622483518061108,
      0.2230373618785138,
      1.0,
      -0.3872446462695579,
      0.40819149462857485,
      0.08205469878919378,
      0.31565350547009563
    ],
    [
      -0.24339750294007792,
      0.03854545599005349,
      0.16908804775179576,
      0.09682635439342833,
      0.16031786358426936,
      -0.38724464626955796,
      0.9999999999999999,
      -0.19631111122159609,
      0.48865578441532453,
      -0.07993143017365759
    ],
    [
      -0.007269939232524472,
      0.4964847256179269,
      0.19299321955785578,
      0.42868431512314004,
      0.3450654793325414,
      0.40819149462857485,
      -0.19631111122159609,
      1.0,
      0.09846145475747285,
      0.2573954130902472
    ],
    [
      0.10186263381807666,
      0.18747671169837515,
      0.08188022597363383,
      -0.16970542578030715,
      0.35150841198011173,
      0.08205469878919378,
      0.4886557844153245,
      0.09846145475747285,
      1.0,
      0.6148649706823094
    ],
    [
      0.37558322280375694,
      0.24052684867886578,
      0.05994752927560337,
      -0.3165633950429088,
      0.3297265904988755,
      0.3156535054700957,
      -0.07993143017365759,
      0.25739541309024716,
      0.6148649706823094,
      0.9999999999999998
    ]
  ],
  "mutual_information": [
    [
      0.0,
      0.5522875302853578,
      0.6590773428923635,
      0.625567190057149,
      0.6576152737797296,
      0.5162877947285022,
      0.5826345352323253,
      0.5638331354990093,
      0.43248990382917596,
      0.5993425595460056
    ],
    [
      0.5522875302853578,
      0.0,
      0.6041618437731346,
      0.9624465432118416,
      0.6885337508740635,
      0.46116842287137205,
      0.5099017256166272,
      0.5779868709795327,
      0.3417240528827362,
      0.45462500457707167
    ],
    [
      0.6590773428923635,
      0.6041618437731346,
      0.0,
      0.7595836904747865,
      0.36090931930675885,
      0.5100045475732286,
      0.4504167655656,
      0.4014913932479525,
      0.3829169396424748,
      0.4490445725658168
    ],
    [
      0.625567190057149,
      0.9624465432118416,
      0.7595836904747865,
      0.0,
      0.5728070012704625,
      0.5024253689441128,
      0.6375260563183223,
      0.6092221315484451,
      0.45078040404145053,
      0.6125087034589528
    ],
    [
      0.6576152737797296,
      0.6885337508740635,
      0.36090931930675885,
      0.5728070012704625,
      0.0,
      0.49886872978471364,
      0.5325639190139749,
      0.5579212754756049,
      0.43916757586240446,
      0.4856389480047924
    ],
    [
      0.5162877947285022,
      0.46116842287137205,
      0.5100045475732286,
      0.5024253689441128,
      0.49886872978471364,
      0.0,
      0.8015586166578196,
      0.5604384774136081,
      0.4707311121892267,
      0.6163983427737207
    ],
    [
      0.5826345352323253,
      0.5099017256166272,
      0.4504167655656,
      0.6375260563183223,
      0.5325639190139749,
      0.8015586166578196,
      0.0,
      0.6293776422582272,
      0.738280304013847,
      0.7225017198409508
    ],
    [
      0.5638331354990093,
      0.5779868709795327,
      0.4014913932479525,
      0.6092221315484451,
      0.5579212754756049,
      0.5604384774136081,
      0.6293776422582272,
      0.0,
      0.5904242508745948,
      0.9999999998680095
    ],
    [
      0.43248990382917596,
      0.3417240528827362,
      0.3829169396424748,
      0.45078040404145053,
      0.43916757586240446,
      0.4707311121892267,
      0.738280304013847,
      0.5904242508745948,
      0.0,
      0.8326158585900493
    ],
    [
      0.5993425595460056,
      0.45462500457707167,
      0.4490445725658168,
      0.6125087034589528,
      0.4856389480047924,
      0.6163983427737207,
      0.7225017198409508,
      0.9999999998680095,
      0.8326158585900493,
      0.0
    ]
  ],
  "network": {
    "global_metrics": {
      "n_nodes": 10,
      "n_edges": 11,
      "density": 0.24444444444444444,
      "is_connected": true,
      "diameter": 6,
      "average_path_length": 2.7555555555555555,
      "global_efficiency": 0.5055555555555556,
      "avg_clustering": 0.1,
      "transitivity": 0.17647058823529413,
      "assortativity": -0.3968253968253999,
      "small_worldness": 0.0,
      "modularity": 0.3697027421855906
    },
    "nodal_metrics": {
      "LT_TA": {
        "degree": 1,
        "degree_centrality": 0.1111111111111111,
        "betweenness_centrality": 0.0,
        "closeness_centrality": 0.28125,
        "eigenvector_centrality": 0.13779510151702182,
        "pagerank": 0.04940028141566867,
        "clustering": 0
      },
      "LT_GL": {
        "degree": 3,
        "degree_centrality": 0.3333333333333333,
        "betweenness_centrality": 0.5555555555555556,
        "closeness_centrality": 0.5,
        "eigenvector_centrality": 0.4535962945993747,
        "pagerank": 0.1451519248661173,
        "clustering": 0.3333333333333333
      },
      "LT_RF": {
        "degree": 3,
        "degree_centrality": 0.3333333333333333,
        "betweenness_centrality": 0.2361111111111111,
        "closeness_centrality": 0.375,
        "eigenvector_centrality": 0.36234458508886835,
        "pagerank": 0.12315282673234866,
        "clustering": 0
      },
      "LT_HAM": {
        "degree": 3,
        "degree_centrality": 0.3333333333333333,
        "betweenness_centrality": 0.3055555555555555,
        "closeness_centrality": 0.45,
        "eigenvector_centrality": 0.49375964187811056,
        "pagerank": 0.11230751328864651,
        "clustering": 0.3333333333333333
      },
      "LT_VL": {
        "degree": 2,
        "degree_centrality": 0.2222222222222222,
        "betweenness_centrality": 0.5,
        "closeness_centrality": 0.45,
        "eigenvector_centrality": 0.21656611985307225,
        "pagerank": 0.10743384384296821,
        "clustering": 0
      },
      "RT_TA": {
        "degree": 2,
        "degree_centrality": 0.2222222222222222,
        "betweenness_centrality": 0.027777777777777776,
        "closeness_centrality": 0.36,
        "eigenvector_centrality": 0.3212617624681731,
        "pagerank": 0.07904737909442797,
        "clustering": 0
      },
      "RT_GL": {
        "degree": 1,
        "degree_centrality": 0.1111111111111111,
        "betweenness_centrality": 0.0,
        "closeness_centrality": 0.28125,
        "eigenvector_centrality": 0.044068240443134836,
        "pagerank": 0.055006668566390776,
        "clustering": 0
      },
      "RT_RF": {
        "degree": 3,
        "degree_centrality": 0.3333333333333333,
        "betweenness_centrality": 0.15277777777777776,
        "closeness_centrality": 0.42857142857142855,
        "eigenvector_centrality": 0.48244080413315193,
        "pagerank": 0.11180859841972207,
        "clustering": 0.3333333333333333
      },
      "RT_HAM": {
        "degree": 3,
        "degree_centrality": 0.3333333333333333,
        "betweenness_centrality": 0.41666666666666663,
        "closeness_centrality": 0.375,
        "eigenvector_centrality": 0.11587741719715845,
        "pagerank": 0.15089014233852566,
        "clustering": 0
      },
      "RT_VL": {
        "degree": 1,
        "degree_centrality": 0.1111111111111111,
        "betweenness_centrality": 0.0,
        "closeness_centrality": 0.28125,
        "eigenvector_centrality": 0.044068240443134836,
        "pagerank": 0.06580082143518447,
        "clustering": 0
      }
    },
    "communities": {
      "LT_TA": 0,
      "LT_GL": 1,
      "LT_RF": 0,
      "LT_HAM": 0,
      "LT_VL": 1,
      "RT_TA": 0,
      "RT_GL": 2,
      "RT_RF": 0,
      "RT_HAM": 2,
      "RT_VL": 2
    }
  },
  "analysis_time": 71.34916806221008
}