{
  "subject_id": "S23",
  "data_info": {
    "duration": 245.8505,
    "sampling_rate": 2000
  },
  "quality_metrics": {
    "channel_0": {
      "snr_db": -65.48876218622371,
      "rms": 0.1770854675620488,
      "peak_to_peak": 1.0382416370847591
    },
    "channel_1": {
      "snr_db": -65.0434713222726,
      "rms": 0.29483053933685194,
      "peak_to_peak": 1.0022437977296477
    },
    "channel_2": {
      "snr_db": -66.84086091303537,
      "rms": 0.3010242956346443,
      "peak_to_peak": 1.007164434245101
    },
    "channel_3": {
      "snr_db": -63.88385797799948,
      "rms": 0.2692129912779055,
      "peak_to_peak": 1.0507145001193299
    },
    "channel_4": {
      "snr_db": -68.67913087222178,
      "rms": 0.354067083396856,
      "peak_to_peak": 1.1780933187381013
    },
    "channel_5": {
      "snr_db": -65.44848997162062,
      "rms": 0.3090608037042937,
      "peak_to_peak": 1.0411652675517957
    },
    "channel_6": {
      "snr_db": -65.4451438323532,
      "rms": 0.14503562520683758,
      "peak_to_peak": 1.0271432711475508
    },
    "channel_7": {
      "snr_db": -66.54195322867004,
      "rms": 0.3784207607003585,
      "peak_to_peak": 1.011671251738977
    },
    "channel_8": {
      "snr_db": -66.00313161221898,
      "rms": 0.3101109962310171,
      "peak_to_peak": 0.947621375773016
    },
    "channel_9": {
      "snr_db": -64.82797630620838,
      "rms": 0.2478792622463908,
      "peak_to_peak": 1.0294027990396526
    }
  },
  "n_cycles": 214,
  "coherence": {
    "delta": [
      [
        1.0,
        0.003225939190451489,
        8.344927133971137e-05,
        0.006534568668732041,
        0.09102613548231671,
        0.2159008924769049,
        0.0006762155449261104,
        0.12967505107802121,
        0.11080369722344671,
        0.1437194796006505
      ],
      [
        0.003225939190451489,
        1.0,
        0.4705125904542755,
        0.5893986677824041,
        0.0057264415948515045,
        0.0435195262671378,
        0.12895661083340373,
        0.003901929582117836,
        0.009414532533764071,
        0.002541684738350446
      ],
      [
        8.344927133971137e-05,
        0.4705125904542755,
        1.0,
        0.27089096520427836,
        0.006833165923193069,
        0.05372986399462137,
        0.08773434289232654,
        0.005213406047584057,
        0.015212525365708945,
        0.0009085706464486252
      ],
      [
        0.006534568668732041,
        0.5893986677824041,
        0.27089096520427836,
        1.0,
        0.004676396850652693,
        0.02688178871175876,
        0.0797913373642396,
        0.0047467851826257755,
        0.0033928497950788017,
        0.004107166163585623
      ],
      [
        0.09102613548231671,
        0.0057264415948515045,
        0.006833165923193069,
        0.004676396850652693,
        1.0,
        0.12246089927030598,
        0.010404550133062318,
        0.1423122591644001,
        0.07445172799229065,
        0.1167373811383525
      ],
      [
        0.2159008924769049,
        0.0435195262671378,
        0.05372986399462137,
        0.02688178871175876,
        0.12246089927030598,
        1.0,
        0.00809428681003333,
        0.21769232149776296,
        0.1307265449157668,
        0.2670499467874623
      ],
      [
        0.0006762155449261104,
        0.12895661083340373,
        0.08773434289232654,
        0.0797913373642396,
        0.010404550133062318,
        0.00809428681003333,
        1.0,
        0.006844881280275861,
        0.0019650039677193377,
        0.003171099516340364
      ],
      [
        0.12967505107802121,
        0.003901929582117836,
        0.005213406047584057,
        0.0047467851826257755,
        0.1423122591644001,
        0.21769232149776296,
        0.006844881280275861,
        1.0,
        0.20716935438308193,
        0.561699268194148
      ],
      [
        0.11080369722344671,
        0.009414532533764071,
        0.015212525365708945,
        0.0033928497950788017,
        0.07445172799229065,
        0.1307265449157668,
        0.0019650039677193377,
        0.20716935438308193,
        1.0,
        0.21098339010001804
      ],
      [
        0.1437194796006505,
        0.002541684738350446,
        0.0009085706464486252,
        0.004107166163585623,
        0.1167373811383525,
        0.2670499467874623,
        0.003171099516340364,
        0.561699268194148,
        0.21098339010001804,
        1.0
      ]
    ],
    "theta": [
      [
        1.0,
        0.0009818406317903627,
        0.0019467314603132104,
        0.003463193960214778,
        0.06386256211029247,
        0.21082787155659885,
        0.0004227116791383286,
        0.11098106545037324,
        0.14238454035521297,
        0.18554948529753496
      ],
      [
        0.0009818406317903627,
        1.0,
        0.34846169645732755,
        0.46008928256703274,
        0.004453973054480927,
        0.018899036313511627,
        0.1673205827227417,
        0.001619642028378553,
        0.004734621750212856,
        0.004670606641114847
      ],
      [
        0.0019467314603132104,
        0.34846169645732755,
        1.0,
        0.16355208016751316,
        0.010711803561559567,
        0.0352046674946532,
        0.09712497154977036,
        0.006476725794920466,
        0.008238236890214303,
        0.0020862325642165285
      ],
      [
        0.003463193960214778,
        0.46008928256703274,
        0.16355208016751316,
        1.0,
        0.00037932586139862156,
        0.019320308959214386,
        0.07120306232988949,
        0.0023441120043103973,
        0.003348819218460461,
        0.002690915245322148
      ],
      [
        0.06386256211029247,
        0.004453973054480927,
        0.010711803561559567,
        0.00037932586139862156,
        1.0,
        0.17675627351174408,
        0.011479021781944298,
        0.08346712639203167,
        0.12079092956699024,
        0.07878867540094077
      ],
      [
        0.21082787155659885,
        0.018899036313511627,
        0.0352046674946532,
        0.019320308959214386,
        0.17675627351174408,
        1.0,
        0.007062856428276295,
        0.11107889002592408,
        0.10649872376463868,
        0.1959145615167243
      ],
      [
        0.0004227116791383286,
        0.1673205827227417,
        0.09712497154977036,
        0.07120306232988949,
        0.011479021781944298,
        0.007062856428276295,
        1.0,
        0.003671591815567703,
        0.00025983099065523293,
        0.0016652246864774637
      ],
      [
        0.11098106545037324,
        0.001619642028378553,
        0.006476725794920466,
        0.0023441120043103973,
        0.08346712639203167,
        0.11107889002592408,
        0.003671591815567703,
        1.0,
        0.10546009726467964,
        0.4060852467053712
      ],
      [
        0.14238454035521297,
        0.004734621750212856,
        0.008238236890214303,
        0.003348819218460461,
        0.12079092956699024,
        0.10649872376463868,
        0.00025983099065523293,
        0.10546009726467964,
        1.0,
        0.13505387747354408
      ],
      [
        0.18554948529753496,
        0.004670606641114847,
        0.0020862325642165285,
        0.002690915245322148,
        0.07878867540094077,
        0.1959145615167243,
        0.0016652246864774637,
        0.4060852467053712,
        0.13505387747354408,
        1.0
      ]
    ],
    "alpha": [
      [
        1.0,
        0.01776965798824948,
        0.0012700674104231036,
        0.028370666942964574,
        0.11822052044990035,
        0.07591490140615419,
        0.002787475820026351,
        0.12904680673010097,
        0.07241371986137578,
        0.1607626465142524
      ],
      [
        0.01776965798824948,
        1.0,
        0.473298822018644,
        0.6304262160655222,
        0.047660931357340425,
        0.05747707725092345,
        0.13885141435642417,
        0.007979575237891381,
        0.0037502588161615904,
        0.001791563664420437
      ],
      [
        0.0012700674104231036,
        0.473298822018644,
        1.0,
        0.32391789736704824,
        0.01505586271714924,
        0.05298405991755309,
        0.09923736511554052,
        0.014036326781271011,
        0.0034078610927072432,
        0.0006583213436245343
      ],
      [
        0.028370666942964574,
        0.6304262160655222,
        0.32391789736704824,
        1.0,
        0.04094593952058872,
        0.0471914673885673,
        0.09256986453061189,
        0.008039928442670832,
        0.0020831561187749084,
        0.004779797517006589
      ],
      [
        0.11822052044990035,
        0.047660931357340425,
        0.01505586271714924,
        0.04094593952058872,
        1.0,
        0.1596887722653388,
        0.03975116053478029,
        0.17941430848272075,
        0.06277416142900594,
        0.15236578609091347
      ],
      [
        0.07591490140615419,
        0.05747707725092345,
        0.05298405991755309,
        0.0471914673885673,
        0.1596887722653388,
        1.0,
        0.04336875715300973,
        0.15104532900083673,
        0.08123393636852225,
        0.17256423131491574
      ],
      [
        0.002787475820026351,
        0.13885141435642417,
        0.09923736511554052,
        0.09256986453061189,
        0.03975116053478029,
        0.04336875715300973,
        1.0,
        0.021902142812714732,
        0.005681203983160948,
        0.01517395255394176
      ],
      [
        0.12904680673010097,
        0.007979575237891381,
        0.014036326781271011,
        0.008039928442670832,
        0.17941430848272075,
        0.15104532900083673,
        0.021902142812714732,
        1.0,
        0.20995789965328387,
        0.5655090732216488
      ],
      [
        0.07241371986137578,
        0.0037502588161615904,
        0.0034078610927072432,
        0.0020831561187749084,
        0.06277416142900594,
        0.08123393636852225,
        0.005681203983160948,
        0.20995789965328387,
        1.0,
        0.24771402781896884
      ],
      [
        0.1607626465142524,
        0.001791563664420437,
        0.0006583213436245343,
        0.004779797517006589,
        0.15236578609091347,
        0.17256423131491574,
        0.01517395255394176,
        0.5655090732216488,
        0.24771402781896884,
        1.0
      ]
    ],
    "beta": [
      [
        1.0,
        0.04360113781371289,
        0.01176868525663697,
        0.060044310295310564,
        0.23192961488640623,
        0.03855803830501496,
        0.009471529274762617,
        0.08865973988689548,
        0.06423787315111,
        0.08973976575854586
      ],
      [
        0.04360113781371289,
        1.0,
        0.6647993313927607,
        0.8334629781430587,
        0.10171650579153522,
        0.0731421043927715,
        0.07832870944672728,
        0.004373974461153029,
        0.0026594528602318784,
        0.004434988768902135
      ],
      [
        0.01176868525663697,
        0.6647993313927607,
        1.0,
        0.5293143482538332,
        0.06114961849576077,
        0.07962232217414181,
        0.06929837398990507,
        0.012267578059280984,
        0.0030628643835632825,
        0.00014934813287981657
      ],
      [
        0.060044310295310564,
        0.8334629781430587,
        0.5293143482538332,
        1.0,
        0.08028880354131658,
        0.04559696540172262,
        0.06548315995060981,
        0.0004789805758700337,
        0.009219339350926802,
        0.02127727912562654
      ],
      [
        0.23192961488640623,
        0.10171650579153522,
        0.06114961849576077,
        0.08028880354131658,
        1.0,
        0.14508151435912597,
        0.02646102707404303,
        0.3454983690703448,
        0.15451086743582998,
        0.2868498407673703
      ],
      [
        0.03855803830501496,
        0.0731421043927715,
        0.07962232217414181,
        0.04559696540172262,
        0.14508151435912597,
        1.0,
        0.17645231231146796,
        0.3045632050907076,
        0.15648221219491984,
        0.2655812621617516
      ],
      [
        0.009471529274762617,
        0.07832870944672728,
        0.06929837398990507,
        0.06548315995060981,
        0.02646102707404303,
        0.17645231231146796,
        1.0,
        0.05440667648597319,
        0.01607712008979399,
        0.03075677588538333
      ],
      [
        0.08865973988689548,
        0.004373974461153029,
        0.012267578059280984,
        0.0004789805758700337,
        0.3454983690703448,
        0.3045632050907076,
        0.05440667648597319,
        1.0,
        0.47195262660623427,
        0.7902833293979697
      ],
      [
        0.06423787315111,
        0.0026594528602318784,
        0.0030628643835632825,
        0.009219339350926802,
        0.15451086743582998,
        0.15648221219491984,
        0.01607712008979399,
        0.47195262660623427,
        1.0,
        0.49560099573086985
      ],
      [
        0.08973976575854586,
        0.004434988768902135,
        0.00014934813287981657,
        0.02127727912562654,
        0.2868498407673703,
        0.2655812621617516,
        0.03075677588538333,
        0.7902833293979697,
        0.49560099573086985,
        1.0
      ]
    ],
    "gamma": [
      [
        1.0,
        0.05214363816273274,
        0.015241294989705107,
        0.06838744870189317,
        0.23174105416251076,
        0.014710772409331283,
        0.013066919651391834,
        0.03092776648611504,
        0.035779496278753264,
        0.028092795482985038
      ],
      [
        0.05214363816273274,
        1.0,
        0.686408543496053,
        0.8529909578073012,
        0.11720247893463802,
        0.05601573462516979,
        0.02448835932836652,
        0.002233234345761028,
        0.0027107556445924268,
        0.007162548730766029
      ],
      [
        0.015241294989705107,
        0.686408543496053,
        1.0,
        0.5505917929780433,
        0.07824883717699957,
        0.06735930959628715,
        0.022497314109597297,
        0.009397629026250607,
        0.0019358350358184245,
        2.2756623526855843e-05
      ],
      [
        0.06838744870189317,
        0.8529909578073012,
        0.5505917929780433,
        1.0,
        0.0879870147059207,
        0.02494522093515803,
        0.024511526912539404,
        0.0004326860727692383,
        0.013544265733781025,
        0.030299443165243644
      ],
      [
        0.23174105416251076,
        0.11720247893463802,
        0.07824883717699957,
        0.0879870147059207,
        1.0,
        0.12929708293168027,
        0.00910014515088071,
        0.35844217014518504,
        0.14908555390239236,
        0.28766279756638086
      ],
      [
        0.014710772409331283,
        0.05601573462516979,
        0.06735930959628715,
        0.02494522093515803,
        0.12929708293168027,
        1.0,
        0.2220281546714013,
        0.3157542802508393,
        0.16413578826085962,
        0.26869941006381637
      ],
      [
        0.013066919651391834,
        0.02448835932836652,
        0.022497314109597297,
        0.024511526912539404,
        0.00910014515088071,
        0.2220281546714013,
        1.0,
        0.06158708529034605,
        0.019860909452433927,
        0.03625169019969958
      ],
      [
        0.03092776648611504,
        0.002233234345761028,
        0.009397629026250607,
        0.0004326860727692383,
        0.35844217014518504,
        0.3157542802508393,
        0.06158708529034605,
        1.0,
        0.5153681088025271,
        0.8154292607150019
      ],
      [
        0.035779496278753264,
        0.0027107556445924268,
        0.0019358350358184245,
        0.013544265733781025,
        0.14908555390239236,
        0.16413578826085962,
        0.019860909452433927,
        0.5153681088025271,
        1.0,
        0.5338530020764047
      ],
      [
        0.028092795482985038,
        0.007162548730766029,
        2.2756623526855843e-05,
        0.030299443165243644,
        0.28766279756638086,
        0.26869941006381637,
        0.03625169019969958,
        0.8154292607150019,
        0.5338530020764047,
        1.0
      ]
    ],
    "full": [
      [
        1.0,
        0.03540970146688139,
        0.009743454876037625,
        0.04823211407164242,
        0.18850454491407728,
        0.07279465947563686,
        0.008291025688078964,
        0.07758890510112876,
        0.06709650989705296,
        0.08716724088170746
      ],
      [
        0.03540970146688139,
        1.0,
        0.6041558263412177,
        0.759086118138931,
        0.08126509272621964,
        0.056620173599665057,
        0.07691091178267039,
        0.0035434727695325277,
        0.003961964253676327,
        0.005007556808590372
      ],
      [
        0.009743454876037625,
        0.6041558263412177,
        1.0,
        0.45380525121912824,
        0.0519443583071643,
        0.06545648400611169,
        0.05857777607365929,
        0.00976910169536435,
        0.0049232139559757465,
        0.0004056054499916815
      ],
      [
        0.04823211407164242,
        0.759086118138931,
        0.45380525121912824,
        1.0,
        0.062443718982935575,
        0.03287610154261384,
        0.05444968276570129,
        0.00184284334458147,
        0.008985873923077332,
        0.019407029032171102
      ],
      [
        0.18850454491407728,
        0.08126509272621964,
        0.0519443583071643,
        0.062443718982935575,
        1.0,
        0.13909063972404617,
        0.01718339358718653,
        0.2862854061700659,
        0.13045690663352763,
        0.23464173651307269
      ],
      [
        0.07279465947563686,
        0.056620173599665057,
        0.06545648400611169,
        0.03287610154261384,
        0.13909063972404617,
        1.0,
        0.1448130930618639,
        0.26881023720302416,
        0.1458302723114363,
        0.2544923681055887
      ],
      [
        0.008291025688078964,
        0.07691091178267039,
        0.05857777607365929,
        0.05444968276570129,
        0.01718339358718653,
        0.1448130930618639,
        1.0,
        0.04344812535265056,
        0.013344928502353878,
        0.0251897639087024
      ],
      [
        0.07758890510112876,
        0.0035434727695325277,
        0.00976910169536435,
        0.00184284334458147,
        0.2862854061700659,
        0.26881023720302416,
        0.04344812535265056,
        1.0,
        0.399569827393977,
        0.7179440367294004
      ],
      [
        0.06709650989705296,
        0.003961964253676327,
        0.0049232139559757465,
        0.008985873923077332,
        0.13045690663352763,
        0.1458302723114363,
        0.013344928502353878,
        0.399569827393977,
        1.0,
        0.4197233599075425
      ],
      [
        0.08716724088170746,
        0.005007556808590372,
        0.0004056054499916815,
        0.019407029032171102,
        0.23464173651307269,
        0.2544923681055887,
        0.0251897639087024,
        0.7179440367294004,
        0.4197233599075425,
        1.0
      ]
    ]
  },
  "correlation": [
    [
      1.0,
      -0.2389787561008556,
      -0.15615978231298122,
      -0.2118871585657749,
      -0.3798802136640103,
      0.15314542163617847,
      -0.2883743329780669,
      0.06540007498378429,
      0.18444849633778945,
      0.09793916063988291
    ],
    [
      -0.23897875610085562,
      1.0,
      0.7965815067849623,
      0.9192938518333978,
      0.1825342484371385,
      -0.29489889467969616,
      0.11191102351116972,
      -0.22927351545333416,
      -0.23643769547888768,
      -0.35995953209049214
    ],
    [
      -0.15615978231298122,
      0.7965815067849623,
      0.9999999999999999,
      0.7167488796815614,
      0.1384461194432038,
      -0.28687513363549666,
      0.09830092045702402,
      -0.12506718770437675,
      -0.10287262412172102,
      -0.2327553320749287
    ],
    [
      -0.2118871585657749,
      0.9192938518333978,
      0.7167488796815615,
      0.9999999999999999,
      0.13782703729853188,
      -0.21167163396529065,
      0.03772056674761355,
      -0.2848217913975176,
      -0.28913648318174573,
      -0.43389867216230704
    ],
    [
      -0.3798802136640103,
      0.1825342484371385,
      0.13844611944320379,
      0.13782703729853185,
      1.0,
      0.1798128435400597,
      0.10284975859208006,
      0.4010816483370105,
      0.21742386475709993,
      0.34483895191678904
    ],
    [
      0.1531454216361785,
      -0.29489889467969616,
      -0.2868751336354967,
      -0.21167163396529065,
      0.1798128435400597,
      0.9999999999999999,
      -0.43042033517414596,
      0.5609827425693231,
      0.4678923237547843,
      0.5299582386303284
    ],
    [
      -0.2883743329780669,
      0.11191102351116972,
      0.09830092045702402,
      0.03772056674761355,
      0.10284975859208006,
      -0.430420335174146,
      0.9999999999999999,
      -0.22892425496939722,
      -0.1831049873043594,
      -0.18129562754819906
    ],
    [
      0.06540007498378429,
      -0.22927351545333416,
      -0.12506718770437675,
      -0.28482179139751757,
      0.4010816483370105,
      0.5609827425693232,
      -0.22892425496939722,
      1.0,
      0.6777689656502216,
      0.8832203348058582
    ],
    [
      0.18444849633778942,
      -0.23643769547888768,
      -0.10287262412172102,
      -0.28913648318174573,
      0.21742386475709993,
      0.46789232375478435,
      -0.1831049873043594,
      0.6777689656502216,
      1.0,
      0.687697453849198
    ],
    [
      0.0979391606398829,
      -0.35995953209049214,
      -0.2327553320749287,
      -0.43389867216230704,
      0.344838951916789,
      0.5299582386303284,
      -0.18129562754819906,
      0.8832203348058582,
      0.6876974538491981,
      1.0
    ]
  ],
  "mutual_information": [
    [
      0.0,
      0.4919546550751687,
      0.359479078212334,
      0.5190786053031954,
      0.3943371652491645,
      0.5145210604635169,
      0.6045632610793957,
      0.3862290449520491,
      0.36042295579092104,
      0.5049312755421571
    ],
    [
      0.4919546550751687,
      0.0,
      0.6557370258954475,
      0.9999999999006427,
      0.31225891988861754,
      0.37943877107431095,
      0.4028720412300672,
      0.3533722496532979,
      0.31288476966349515,
      0.4223774637897331
    ],
    [
      0.359479078212334,
      0.6557370258954475,
      0.0,
      0.520857955212579,
      0.20983990834939256,
      0.30799403926670504,
      0.33964557281875324,
      0.27732586750146043,
      0.2611233620025475,
      0.2979733706978202
    ],
    [
      0.5190786053031954,
      0.9999999999006427,
      0.520857955212579,
      0.0,
      0.3394842113552189,
      0.38477024048476893,
      0.4528549849341234,
      0.4413850421450665,
      0.35479728351647516,
      0.5479344858403971
    ],
    [
      0.3943371652491645,
      0.31225891988861754,
      0.20983990834939256,
      0.3394842113552189,
      0.0,
      0.288791259277153,
      0.3448177677864752,
      0.28094065587403166,
      0.19047938255557595,
      0.32572973696573226
    ],
    [
      0.5145210604635169,
      0.37943877107431095,
      0.30799403926670504,
      0.38477024048476893,
      0.288791259277153,
      0.0,
      0.6090567839740422,
      0.42901716738377704,
      0.40411681510204744,
      0.5356172847132558
    ],
    [
      0.6045632610793957,
      0.4028720412300672,
      0.33964557281875324,
      0.4528549849341234,
      0.3448177677864752,
      0.6090567839740422,
      0.0,
      0.46662688558509613,
      0.4047409538612961,
      0.5380309796055754
    ],
    [
      0.3862290449520491,
      0.3533722496532979,
      0.27732586750146043,
      0.4413850421450665,
      0.28094065587403166,
      0.42901716738377704,
      0.46662688558509613,
      0.0,
      0.5572466954261026,
      0.7934942991434585
    ],
    [
      0.36042295579092104,
      0.31288476966349515,
      0.2611233620025475,
      0.35479728351647516,
      0.19047938255557595,
      0.40411681510204744,
      0.4047409538612961,
      0.5572466954261026,
      0.0,
      0.5576561019112724
    ],
    [
      0.5049312755421571,
      0.4223774637897331,
      0.2979733706978202,
      0.5479344858403971,
      0.32572973696573226,
      0.5356172847132558,
      0.5380309796055754,
      0.7934942991434585,
      0.5576561019112724,
      0.0
    ]
  ],
  "network": {
    "global_metrics": {
      "n_nodes": 10,
      "n_edges": 11,
      "density": 0.24444444444444444,
      "is_connected": false,
      "diameter": 3,
      "average_path_length": 1.6,
      "global_efficiency": 0.7444444444444444,
      "largest_component_size": 6,
      "avg_clustering": 0.6333333333333333,
      "transitivity": 0.6,
      "assortativity": -0.03418803418803384,
      "small_worldness": 0.0,
      "modularity": 0.4784212738457094
    },
    "nodal_metrics": {
      "LT_TA": {
        "degree": 1,
        "degree_centrality": 0.1111111111111111,
        "betweenness_centrality": 0.0,
        "closeness_centrality": 0.25252525252525254,
        "eigenvector_centrality": 0.12970945790617244,
        "pagerank": 0.038442393184460695,
        "clustering": 0
      },
      "LT_GL": {
        "degree": 2,
        "degree_centrality": 0.2222222222222222,
        "betweenness_centrality": 0.0,
        "closeness_centrality": 0.2222222222222222,
        "eigenvector_centrality": 8.988143367252453e-06,
        "pagerank": 0.12160414384624035,
        "clustering": 1.0
      },
      "LT_RF": {
        "degree": 2,
        "degree_centrality": 0.2222222222222222,
        "betweenness_centrality": 0.0,
        "closeness_centrality": 0.2222222222222222,
        "eigenvector_centrality": 8.988143367252453e-06,
        "pagerank": 0.09696288458171637,
        "clustering": 1.0
      },
      "LT_HAM": {
        "degree": 2,
        "degree_centrality": 0.2222222222222222,
        "betweenness_centrality": 0.0,
        "closeness_centrality": 0.2222222222222222,
        "eigenvector_centrality": 8.988143367252453e-06,
        "pagerank": 0.10930182403105959,
        "clustering": 1.0
      },
      "LT_VL": {
        "degree": 3,
        "degree_centrality": 0.3333333333333333,
        "betweenness_centrality": 0.1111111111111111,
        "closeness_centrality": 0.39682539682539686,
        "eigenvector_centrality": 0.3953283952668762,
        "pagerank": 0.09762299927490269,
        "clustering": 0.3333333333333333
      },
      "RT_TA": {
        "degree": 2,
        "degree_centrality": 0.2222222222222222,
        "betweenness_centrality": 0.0,
        "closeness_centrality": 0.308641975308642,
        "eigenvector_centrality": 0.3527699965488487,
        "pagerank": 0.06516458881204419,
        "clustering": 1.0
      },
      "RT_GL": {
        "degree": 0,
        "degree_centrality": 0.0,
        "betweenness_centrality": 0.0,
        "closeness_centrality": 0.0,
        "eigenvector_centrality": 5.988317536777516e-23,
        "pagerank": 0.016393442622950824,
        "clustering": 0
      },
      "RT_RF": {
        "degree": 4,
        "degree_centrality": 0.4444444444444444,
        "betweenness_centrality": 0.06944444444444445,
        "closeness_centrality": 0.462962962962963,
        "eigenvector_centrality": 0.5375860746210294,
        "pagerank": 0.18360922218599587,
        "clustering": 0.5
      },
      "RT_HAM": {
        "degree": 2,
        "degree_centrality": 0.2222222222222222,
        "betweenness_centrality": 0.0,
        "closeness_centrality": 0.308641975308642,
        "eigenvector_centrality": 0.3527699965488487,
        "pagerank": 0.09274578352360677,
        "clustering": 1.0
      },
      "RT_VL": {
        "degree": 4,
        "degree_centrality": 0.4444444444444444,
        "betweenness_centrality": 0.06944444444444445,
        "closeness_centrality": 0.462962962962963,
        "eigenvector_centrality": 0.5375860746210294,
        "pagerank": 0.1781527179370229,
        "clustering": 0.5
      }
    },
    "communities": {
      "LT_TA": 2,
      "LT_GL": 0,
      "LT_RF": 0,
      "LT_HAM": 0,
      "LT_VL": 2,
      "RT_TA": 2,
      "RT_GL": 1,
      "RT_RF": 2,
      "RT_HAM": 2,
      "RT_VL": 2
    }
  },
  "analysis_time": 96.66285800933838
}