{
  "subject_id": "S26",
  "data_info": {
    "duration": 255.5305,
    "sampling_rate": 2000
  },
  "quality_metrics": {
    "channel_0": {
      "snr_db": -66.09716140530199,
      "rms": 0.3257406929173372,
      "peak_to_peak": 1.0446254502382621
    },
    "channel_1": {
      "snr_db": -66.1712700592639,
      "rms": 0.2229659342431221,
      "peak_to_peak": 1.0197788220988309
    },
    "channel_2": {
      "snr_db": -67.3232250623503,
      "rms": 0.22135463952850384,
      "peak_to_peak": 1.0031692401089083
    },
    "channel_3": {
      "snr_db": -65.58041891194775,
      "rms": 0.32244521186708747,
      "peak_to_peak": 1.0247052040480378
    },
    "channel_4": {
      "snr_db": -66.00179627479208,
      "rms": 0.2658275670394015,
      "peak_to_peak": 1.0068296568125028
    },
    "channel_5": {
      "snr_db": -66.27269066601164,
      "rms": 0.32178801327158746,
      "peak_to_peak": 1.0470315798781982
    },
    "channel_6": {
      "snr_db": -66.50252694680606,
      "rms": 0.21095234500087934,
      "peak_to_peak": 1.0346302820294777
    },
    "channel_7": {
      "snr_db": -67.64617624288435,
      "rms": 0.27215697846285375,
      "peak_to_peak": 1.0363877532423307
    },
    "channel_8": {
      "snr_db": -67.33128885593337,
      "rms": 0.32338774673637066,
      "peak_to_peak": 0.9775484413060501
    },
    "channel_9": {
      "snr_db": -66.57005669169538,
      "rms": 0.2715355427146223,
      "peak_to_peak": 0.9887822093026353
    }
  },
  "n_cycles": 149,
  "coherence": {
    "delta": [
      [
        1.0,
        0.03660719052267665,
        0.14209448774900588,
        0.05289013325406518,
        0.16771716925691654,
        0.25184330744958533,
        0.2680257892315493,
        0.15803747398305185,
        0.14693037212612753,
        0.17837957501001184
      ],
      [
        0.03660719052267665,
        1.0,
        0.09571980737770272,
        0.04322256128560491,
        0.09982646736979571,
        0.2466141295625873,
        0.0626168636103465,
        0.22530021803581565,
        0.25646460829724604,
        0.26708486780549034
      ],
      [
        0.14209448774900588,
        0.09571980737770272,
        1.0,
        0.028150992905264394,
        0.607998965825497,
        0.07959553588395865,
        0.11996380104415633,
        0.04633806627761532,
        0.013628587398002526,
        0.03352127652555117
      ],
      [
        0.05289013325406518,
        0.04322256128560491,
        0.028150992905264394,
        1.0,
        0.048095712387152885,
        0.03229822974789152,
        0.05462263619485446,
        0.013295869976291539,
        0.04282432814763243,
        0.03090024384731535
      ],
      [
        0.16771716925691654,
        0.09982646736979571,
        0.607998965825497,
        0.048095712387152885,
        1.0,
        0.12952422597288096,
        0.18424122777235896,
        0.02634998979100537,
        0.012504505585850156,
        0.029022125080911856
      ],
      [
        0.25184330744958533,
        0.2466141295625873,
        0.07959553588395865,
        0.03229822974789152,
        0.12952422597288096,
        1.0,
        0.079690881302737,
        0.22985913445740527,
        0.05503633038028909,
        0.21321500190621134
      ],
      [
        0.2680257892315493,
        0.0626168636103465,
        0.11996380104415633,
        0.05462263619485446,
        0.18424122777235896,
        0.079690881302737,
        1.0,
        0.16186646222107304,
        0.09578892499827626,
        0.20172723819422334
      ],
      [
        0.15803747398305185,
        0.22530021803581565,
        0.04633806627761532,
        0.013295869976291539,
        0.02634998979100537,
        0.22985913445740527,
        0.16186646222107304,
        1.0,
        0.09973096838555572,
        0.7450881812794345
      ],
      [
        0.14693037212612753,
        0.25646460829724604,
        0.013628587398002526,
        0.04282432814763243,
        0.012504505585850156,
        0.05503633038028909,
        0.09578892499827626,
        0.09973096838555572,
        1.0,
        0.10459717343328963
      ],
      [
        0.17837957501001184,
        0.26708486780549034,
        0.03352127652555117,
        0.03090024384731535,
        0.029022125080911856,
        0.21321500190621134,
        0.20172723819422334,
        0.7450881812794345,
        0.10459717343328963,
        1.0
      ]
    ],
    "theta": [
      [
        1.0,
        0.0381327065441044,
        0.20954786149781887,
        0.04124249324612205,
        0.3303561866771924,
        0.2780126225034786,
        0.44959131314353107,
        0.2179868832161904,
        0.10116661521303069,
        0.24142937984335178
      ],
      [
        0.0381327065441044,
        1.0,
        0.09049600572740256,
        0.04053998398650685,
        0.08104996105819537,
        0.3954124802024106,
        0.03912128801463064,
        0.22241969520808602,
        0.20974457255504633,
        0.2742149269482647
      ],
      [
        0.20954786149781887,
        0.09049600572740256,
        1.0,
        0.04348328895904995,
        0.5789492435303044,
        0.14211769168524044,
        0.11267185179922419,
        0.06563505991957135,
        0.019556140145074227,
        0.05925412811004377
      ],
      [
        0.04124249324612205,
        0.04053998398650685,
        0.04348328895904995,
        1.0,
        0.0793627042955633,
        0.016909259188690604,
        0.031379058749166064,
        0.010628214900983939,
        0.031067648916430112,
        0.027452088675941323
      ],
      [
        0.3303561866771924,
        0.08104996105819537,
        0.5789492435303044,
        0.0793627042955633,
        1.0,
        0.25183520029234524,
        0.17847004774898423,
        0.059794484377949306,
        0.012979565401294859,
        0.049432967104093964
      ],
      [
        0.2780126225034786,
        0.3954124802024106,
        0.14211769168524044,
        0.016909259188690604,
        0.25183520029234524,
        1.0,
        0.15424876933321513,
        0.34725526163181436,
        0.054182672386190386,
        0.3859745303263871
      ],
      [
        0.44959131314353107,
        0.03912128801463064,
        0.11267185179922419,
        0.031379058749166064,
        0.17847004774898423,
        0.15424876933321513,
        1.0,
        0.17667803960547712,
        0.1133995501042837,
        0.17449848357114722
      ],
      [
        0.2179868832161904,
        0.22241969520808602,
        0.06563505991957135,
        0.010628214900983939,
        0.059794484377949306,
        0.34725526163181436,
        0.17667803960547712,
        1.0,
        0.06424444342419817,
        0.7056817843113714
      ],
      [
        0.10116661521303069,
        0.20974457255504633,
        0.019556140145074227,
        0.031067648916430112,
        0.012979565401294859,
        0.054182672386190386,
        0.1133995501042837,
        0.06424444342419817,
        1.0,
        0.07000411478203462
      ],
      [
        0.24142937984335178,
        0.2742149269482647,
        0.05925412811004377,
        0.027452088675941323,
        0.049432967104093964,
        0.3859745303263871,
        0.17449848357114722,
        0.7056817843113714,
        0.07000411478203462,
        1.0
      ]
    ],
    "alpha": [
      [
        1.0,
        0.02440769893471225,
        0.10870526031108962,
        0.036874847904532555,
        0.13561432938994308,
        0.19121674337139383,
        0.15296633488732572,
        0.19808874356974354,
        0.04995159404676985,
        0.260790079984232
      ],
      [
        0.02440769893471225,
        1.0,
        0.14723556283258504,
        0.010631843859225285,
        0.12169930447461097,
        0.159346799397214,
        0.06432722898375329,
        0.08055438560271423,
        0.2715094186087849,
        0.06306078074870117
      ],
      [
        0.10870526031108962,
        0.14723556283258504,
        1.0,
        0.06253000614403595,
        0.5829939440825234,
        0.12980419565006648,
        0.03429532078971917,
        0.007228945336671487,
        0.03475702109531671,
        0.010743408157153075
      ],
      [
        0.036874847904532555,
        0.010631843859225285,
        0.06253000614403595,
        1.0,
        0.1313204494459348,
        0.03474978718306349,
        0.039316232627046456,
        0.0016051187356120678,
        0.018948392466469375,
        0.0005841080398984728
      ],
      [
        0.13561432938994308,
        0.12169930447461097,
        0.5829939440825234,
        0.1313204494459348,
        1.0,
        0.23126299649001847,
        0.03702892941229353,
        0.002813092313559844,
        0.047232729961092186,
        0.011420904771763751
      ],
      [
        0.19121674337139383,
        0.159346799397214,
        0.12980419565006648,
        0.03474978718306349,
        0.23126299649001847,
        1.0,
        0.05962482736828045,
        0.20318369657844754,
        0.026746262037650573,
        0.17686998277565888
      ],
      [
        0.15296633488732572,
        0.06432722898375329,
        0.03429532078971917,
        0.039316232627046456,
        0.03702892941229353,
        0.05962482736828045,
        1.0,
        0.19448576814123628,
        0.07885373654575188,
        0.2225342108569754
      ],
      [
        0.19808874356974354,
        0.08055438560271423,
        0.007228945336671487,
        0.0016051187356120678,
        0.002813092313559844,
        0.20318369657844754,
        0.19448576814123628,
        1.0,
        0.07955140139450159,
        0.7087387671522056
      ],
      [
        0.04995159404676985,
        0.2715094186087849,
        0.03475702109531671,
        0.018948392466469375,
        0.047232729961092186,
        0.026746262037650573,
        0.07885373654575188,
        0.07955140139450159,
        1.0,
        0.0813333079660416
      ],
      [
        0.260790079984232,
        0.06306078074870117,
        0.010743408157153075,
        0.0005841080398984728,
        0.011420904771763751,
        0.17686998277565888,
        0.2225342108569754,
        0.7087387671522056,
        0.0813333079660416,
        1.0
      ]
    ],
    "beta": [
      [
        1.0,
        0.09973318324227497,
        0.08832710795315066,
        0.04170403031638969,
        0.10846737316082611,
        0.09751941962290475,
        0.10115034971747011,
        0.10387134495814832,
        0.17295053395726054,
        0.14145907810002545
      ],
      [
        0.09973318324227497,
        1.0,
        0.0983459248055045,
        0.010348746025771675,
        0.061045142595771276,
        0.09961979524253803,
        0.08155691932103305,
        0.08158472136749305,
        0.3152749395411691,
        0.070678740971137
      ],
      [
        0.08832710795315066,
        0.0983459248055045,
        1.0,
        0.07392289231213589,
        0.6350433440328781,
        0.09120658771809048,
        0.04366957332198,
        0.00030367432602353383,
        0.019315157343205103,
        0.0014846218186618208
      ],
      [
        0.04170403031638969,
        0.010348746025771675,
        0.07392289231213589,
        1.0,
        0.16788040560939388,
        0.04969763495377805,
        0.08997282216861809,
        0.0017042232736837744,
        0.02606546640021039,
        0.010449593391127707
      ],
      [
        0.10846737316082611,
        0.061045142595771276,
        0.6350433440328781,
        0.16788040560939388,
        1.0,
        0.13997608054991217,
        0.051105524955660106,
        0.0018836348709001915,
        0.05070357167906456,
        0.007702357357146296
      ],
      [
        0.09751941962290475,
        0.09961979524253803,
        0.09120658771809048,
        0.04969763495377805,
        0.13997608054991217,
        1.0,
        0.0662205882419972,
        0.15442324062583374,
        0.03333677470851726,
        0.11728221951336402
      ],
      [
        0.10115034971747011,
        0.08155691932103305,
        0.04366957332198,
        0.08997282216861809,
        0.051105524955660106,
        0.0662205882419972,
        1.0,
        0.1803634573700797,
        0.049734630374069354,
        0.21826573001216484
      ],
      [
        0.10387134495814832,
        0.08158472136749305,
        0.00030367432602353383,
        0.0017042232736837744,
        0.0018836348709001915,
        0.15442324062583374,
        0.1803634573700797,
        1.0,
        0.0883595429684361,
        0.7780954961614698
      ],
      [
        0.17295053395726054,
        0.3152749395411691,
        0.019315157343205103,
        0.02606546640021039,
        0.05070357167906456,
        0.03333677470851726,
        0.049734630374069354,
        0.0883595429684361,
        1.0,
        0.0934992362769798
      ],
      [
        0.14145907810002545,
        0.070678740971137,
        0.0014846218186618208,
        0.010449593391127707,
        0.007702357357146296,
        0.11728221951336402,
        0.21826573001216484,
        0.7780954961614698,
        0.0934992362769798,
        1.0
      ]
    ],
    "gamma": [
      [
        1.0,
        0.137840368692765,
        0.08101663484516014,
        0.04086773875835033,
        0.10126278727133445,
        0.07445013993511332,
        0.03498671414668063,
        0.03434648451554543,
        0.19687970330680726,
        0.04715521501069403
      ],
      [
        0.137840368692765,
        1.0,
        0.07731956966875551,
        0.0054646129509044895,
        0.04304314759435428,
        0.035945363358876915,
        0.07621961933927715,
        0.03788215212860767,
        0.30999784465737207,
        0.02673734021070521
      ],
      [
        0.08101663484516014,
        0.07731956966875551,
        1.0,
        0.07593254827983043,
        0.6387316667066527,
        0.05650097080785107,
        0.021110347082957302,
        0.0006488217646786196,
        0.009273099032627408,
        0.00038157160616133834
      ],
      [
        0.04086773875835033,
        0.0054646129509044895,
        0.07593254827983043,
        1.0,
        0.17577757995486837,
        0.04803119300440025,
        0.08364086312536097,
        0.003318533552162268,
        0.024788562167416896,
        0.01773254948634892
      ],
      [
        0.10126278727133445,
        0.04304314759435428,
        0.6387316667066527,
        0.17577757995486837,
        1.0,
        0.07423117616784805,
        0.021650348383013326,
        0.0022880816300046365,
        0.05135173712179027,
        0.008365820804059315
      ],
      [
        0.07445013993511332,
        0.035945363358876915,
        0.05650097080785107,
        0.04803119300440025,
        0.07423117616784805,
        1.0,
        0.08071853975150689,
        0.14243332347035315,
        0.0166215962455091,
        0.10497214104957657
      ],
      [
        0.03498671414668063,
        0.07621961933927715,
        0.021110347082957302,
        0.08364086312536097,
        0.021650348383013326,
        0.08071853975150689,
        1.0,
        0.16539701356509254,
        0.017215462948197896,
        0.20108610049361025
      ],
      [
        0.03434648451554543,
        0.03788215212860767,
        0.0006488217646786196,
        0.003318533552162268,
        0.0022880816300046365,
        0.14243332347035315,
        0.16539701356509254,
        1.0,
        0.031684483536635645,
        0.7814842118825094
      ],
      [
        0.19687970330680726,
        0.30999784465737207,
        0.009273099032627408,
        0.024788562167416896,
        0.05135173712179027,
        0.0166215962455091,
        0.017215462948197896,
        0.031684483536635645,
        1.0,
        0.04254406818996413
      ],
      [
        0.04715521501069403,
        0.02673734021070521,
        0.00038157160616133834,
        0.01773254948634892,
        0.008365820804059315,
        0.10497214104957657,
        0.20108610049361025,
        0.7814842118825094,
        0.04254406818996413,
        1.0
      ]
    ],
    "full": [
      [
        1.0,
        0.09414533561208421,
        0.10467951564194794,
        0.042696340208930414,
        0.13396832950622653,
        0.13348033530317144,
        0.13216493816132607,
        0.10148987516633524,
        0.16316766199039495,
        0.12773776902316766
      ],
      [
        0.09414533561208421,
        1.0,
        0.0930117485293222,
        0.015871923021119314,
        0.06629219297132725,
        0.12509181049917967,
        0.07200061678458422,
        0.09764032023041863,
        0.2927132453238354,
        0.0990651621727708
      ],
      [
        0.10467951564194794,
        0.0930117485293222,
        1.0,
        0.06443612242779309,
        0.6239825253021998,
        0.08295724338575704,
        0.051317292567689424,
        0.013076841841458516,
        0.015784343120950263,
        0.011145110355673322
      ],
      [
        0.042696340208930414,
        0.015871923021119314,
        0.06443612242779309,
        1.0,
        0.1428680077482862,
        0.04270784697728081,
        0.07369508985132298,
        0.004787279572671194,
        0.027989951855083874,
        0.01694598503128661
      ],
      [
        0.13396832950622653,
        0.06629219297132725,
        0.6239825253021998,
        0.1428680077482862,
        1.0,
        0.1287082193666934,
        0.06897348264951558,
        0.010329423377472604,
        0.041907252219945915,
        0.014733588883581785
      ],
      [
        0.13348033530317144,
        0.12509181049917967,
        0.08295724338575704,
        0.04270784697728081,
        0.1287082193666934,
        1.0,
        0.08013310854096098,
        0.18000129284462868,
        0.031342821172771825,
        0.1525587769396775
      ],
      [
        0.13216493816132607,
        0.07200061678458422,
        0.051317292567689424,
        0.07369508985132298,
        0.06897348264951558,
        0.08013310854096098,
        1.0,
        0.1725642791918955,
        0.05144976714491193,
        0.20607543025640618
      ],
      [
        0.10148987516633524,
        0.09764032023041863,
        0.013076841841458516,
        0.004787279572671194,
        0.010329423377472604,
        0.18000129284462868,
        0.1725642791918955,
        1.0,
        0.06577833624205645,
        0.7634153813908362
      ],
      [
        0.16316766199039495,
        0.2927132453238354,
        0.015784343120950263,
        0.027989951855083874,
        0.041907252219945915,
        0.031342821172771825,
        0.05144976714491193,
        0.06577833624205645,
        1.0,
        0.07286531197479965
      ],
      [
        0.12773776902316766,
        0.0990651621727708,
        0.011145110355673322,
        0.01694598503128661,
        0.014733588883581785,
        0.1525587769396775,
        0.20607543025640618,
        0.7634153813908362,
        0.07286531197479965,
        1.0
      ]
    ]
  },
  "correlation": [
    [
      1.0,
      -0.29210160267645,
      0.2503731025115794,
      0.24525543786454954,
      0.29171240659506004,
      -0.3344479523396669,
      0.0644562395640277,
      -0.03295064712720215,
      -0.3326607471601946,
      -0.0704733230896166
    ],
    [
      -0.2921016026764501,
      0.9999999999999998,
      0.23349107843616151,
      -0.09269244483724882,
      0.1910766633617722,
      0.1434480119432561,
      -0.35836462262062047,
      -0.18018334279525566,
      0.4535792368648711,
      -0.15046466494652838
    ],
    [
      0.2503731025115794,
      0.23349107843616151,
      1.0,
      0.303176818609485,
      0.762074620891196,
      0.10395107806694047,
      -0.14627324053762888,
      -0.057580634258334984,
      -0.03023306045897208,
      -0.17604238552693785
    ],
    [
      0.2452554378645495,
      -0.09269244483724882,
      0.303176818609485,
      1.0,
      0.4552666396763509,
      -0.1368361531864045,
      0.19301133018048916,
      -0.0726650066481193,
      -0.1849504728221205,
      -0.1762371925841893
    ],
    [
      0.29171240659506004,
      0.1910766633617722,
      0.762074620891196,
      0.4552666396763509,
      1.0,
      0.1280243392895712,
      -0.1746976180800514,
      -0.1584376224131795,
      -0.18278688034276835,
      -0.3241734513086346
    ],
    [
      -0.3344479523396669,
      0.14344801194325607,
      0.10395107806694048,
      -0.1368361531864045,
      0.12802433928957116,
      0.9999999999999999,
      -0.2752191597714635,
      0.32524094626755407,
      0.05272461019332741,
      0.26160422076586426
    ],
    [
      0.06445623956402771,
      -0.35836462262062047,
      -0.14627324053762888,
      0.19301133018048916,
      -0.1746976180800514,
      -0.2752191597714635,
      1.0,
      0.3598894866735578,
      -0.06928411710967027,
      0.38775089637518323
    ],
    [
      -0.03295064712720215,
      -0.18018334279525566,
      -0.057580634258334984,
      -0.0726650066481193,
      -0.15843762241317952,
      0.32524094626755407,
      0.3598894866735578,
      1.0,
      0.08109326475103236,
      0.8544937153691674
    ],
    [
      -0.33266074716019456,
      0.4535792368648711,
      -0.03023306045897208,
      -0.1849504728221205,
      -0.18278688034276835,
      0.0527246101933274,
      -0.06928411710967025,
      0.08109326475103237,
      1.0,
      0.18400525803846132
    ],
    [
      -0.0704733230896166,
      -0.15046466494652835,
      -0.17604238552693788,
      -0.1762371925841893,
      -0.3241734513086346,
      0.26160422076586426,
      0.38775089637518323,
      0.8544937153691674,
      0.18400525803846132,
      1.0
    ]
  ],
  "mutual_information": [
    [
      0.0,
      0.4874522049547974,
      0.3576977984559751,
      0.33433017170398194,
      0.5172759225623484,
      0.4540234748032266,
      0.2808841418579272,
      0.2562161938467243,
      0.3037011462215918,
      0.3072029033592719
    ],
    [
      0.4874522049547974,
      0.0,
      0.4655574746564141,
      0.2896997243377551,
      0.579340830076893,
      0.36543943903668263,
      0.40767851632893276,
      0.2912828037420451,
      0.45988803354458324,
      0.4116653042498304
    ],
    [
      0.3576977984559751,
      0.4655574746564141,
      0.0,
      0.34397238525871243,
      0.9955406036414449,
      0.2739867146077821,
      0.2995611151064022,
      0.31345251400279067,
      0.2893080321906956,
      0.32870665461390686
    ],
    [
      0.33433017170398194,
      0.2896997243377551,
      0.34397238525871243,
      0.0,
      0.44039140852403136,
      0.29536973190483784,
      0.29326049463438636,
      0.32694266052332255,
      0.2778380256417927,
      0.3771341099445962
    ],
    [
      0.5172759225623484,
      0.579340830076893,
      0.9955406036414449,
      0.44039140852403136,
      0.0,
      0.3173098253745002,
      0.38755597460836433,
      0.3730470387862425,
      0.32215049188011213,
      0.42780522258820836
    ],
    [
      0.4540234748032266,
      0.36543943903668263,
      0.2739867146077821,
      0.29536973190483784,
      0.3173098253745002,
      0.0,
      0.45142211130150345,
      0.36983198537484746,
      0.2872953268986054,
      0.5457201228167652
    ],
    [
      0.2808841418579272,
      0.40767851632893276,
      0.2995611151064022,
      0.29326049463438636,
      0.38755597460836433,
      0.45142211130150345,
      0.0,
      0.41861263254401904,
      0.21148982896021362,
      0.5273754281421611
    ],
    [
      0.2562161938467243,
      0.2912828037420451,
      0.31345251400279067,
      0.32694266052332255,
      0.3730470387862425,
      0.36983198537484746,
      0.41861263254401904,
      0.0,
      0.26264535402987516,
      0.9999999998894131
    ],
    [
      0.3037011462215918,
      0.45988803354458324,
      0.2893080321906956,
      0.2778380256417927,
      0.32215049188011213,
      0.2872953268986054,
      0.21148982896021362,
      0.26264535402987516,
      0.0,
      0.3705782934053502
    ],
    [
      0.3072029033592719,
      0.4116653042498304,
      0.32870665461390686,
      0.3771341099445962,
      0.42780522258820836,
      0.5457201228167652,
      0.5273754281421611,
      0.9999999998894131,
      0.3705782934053502,
      0.0
    ]
  ],
  "network": {
    "global_metrics": {
      "n_nodes": 10,
      "n_edges": 11,
      "density": 0.24444444444444444,
      "is_connected": true,
      "diameter": 5,
      "average_path_length": 2.6444444444444444,
      "global_efficiency": 0.5059259259259261,
      "avg_clustering": 0.26666666666666666,
      "transitivity": 0.35294117647058826,
      "assortativity": -0.0476190476190468,
      "small_worldness": 0.0,
      "modularity": 0.5208627792929473
    },
    "nodal_metrics": {
      "LT_TA": {
        "degree": 3,
        "degree_centrality": 0.3333333333333333,
        "betweenness_centrality": 0.7222222222222222,
        "closeness_centrality": 0.5625,
        "eigenvector_centrality": 0.2744856505137741,
        "pagerank": 0.08525144276451814,
        "clustering": 0
      },
      "LT_GL": {
        "degree": 1,
        "degree_centrality": 0.1111111111111111,
        "betweenness_centrality": 0.0,
        "closeness_centrality": 0.3,
        "eigenvector_centrality": 0.044050506068201226,
        "pagerank": 0.07120387146763496,
        "clustering": 0
      },
      "LT_RF": {
        "degree": 1,
        "degree_centrality": 0.1111111111111111,
        "betweenness_centrality": 0.0,
        "closeness_centrality": 0.32142857142857145,
        "eigenvector_centrality": 0.05247190142547936,
        "pagerank": 0.11142547657937103,
        "clustering": 0
      },
      "LT_HAM": {
        "degree": 1,
        "degree_centrality": 0.1111111111111111,
        "betweenness_centrality": 0.0,
        "closeness_centrality": 0.32142857142857145,
        "eigenvector_centrality": 0.05247190142547936,
        "pagerank": 0.037077726821599516,
        "clustering": 0
      },
      "LT_VL": {
        "degree": 3,
        "degree_centrality": 0.3333333333333333,
        "betweenness_centrality": 0.41666666666666663,
        "closeness_centrality": 0.45,
        "eigenvector_centrality": 0.14110023441833908,
        "pagerank": 0.16377407606297034,
        "clustering": 0
      },
      "RT_TA": {
        "degree": 3,
        "degree_centrality": 0.3333333333333333,
        "betweenness_centrality": 0.5,
        "closeness_centrality": 0.5,
        "eigenvector_centrality": 0.4785632955092678,
        "pagerank": 0.07483728439249396,
        "clustering": 0.3333333333333333
      },
      "RT_GL": {
        "degree": 2,
        "degree_centrality": 0.2222222222222222,
        "betweenness_centrality": 0.0,
        "closeness_centrality": 0.3,
        "eigenvector_centrality": 0.3764895239399192,
        "pagerank": 0.05755039620403657,
        "clustering": 1.0
      },
      "RT_RF": {
        "degree": 3,
        "degree_centrality": 0.3333333333333333,
        "betweenness_centrality": 0.09722222222222221,
        "closeness_centrality": 0.391304347826087,
        "eigenvector_centrality": 0.506212649170359,
        "pagerank": 0.14761692431603216,
        "clustering": 0.6666666666666666
      },
      "RT_HAM": {
        "degree": 2,
        "degree_centrality": 0.2222222222222222,
        "betweenness_centrality": 0.2222222222222222,
        "closeness_centrality": 0.4090909090909091,
        "eigenvector_centrality": 0.11845514653446358,
        "pagerank": 0.10298189769683652,
        "clustering": 0
      },
      "RT_VL": {
        "degree": 3,
        "degree_centrality": 0.3333333333333333,
        "betweenness_centrality": 0.09722222222222221,
        "closeness_centrality": 0.391304347826087,
        "eigenvector_centrality": 0.506212649170359,
        "pagerank": 0.14828090369450694,
        "clustering": 0.6666666666666666
      }
    },
    "communities": {
      "LT_TA": 0,
      "LT_GL": 0,
      "LT_RF": 2,
      "LT_HAM": 2,
      "LT_VL": 2,
      "RT_TA": 1,
      "RT_GL": 1,
      "RT_RF": 1,
      "RT_HAM": 0,
      "RT_VL": 1
    }
  },
  "analysis_time": 102.41852283477783
}