{
  "subject_id": "S4",
  "data_info": {
    "duration": 268.3405,
    "sampling_rate": 2000
  },
  "quality_metrics": {
    "channel_0": {
      "snr_db": -65.6562591796805,
      "rms": 0.2891855833806188,
      "peak_to_peak": 1.0201653675372888
    },
    "channel_1": {
      "snr_db": -65.0304904458852,
      "rms": 0.23076232896032278,
      "peak_to_peak": 1.0517550837674536
    },
    "channel_2": {
      "snr_db": -67.9618689907427,
      "rms": 0.23571505490369424,
      "peak_to_peak": 1.0201368294616138
    },
    "channel_3": {
      "snr_db": -65.29173216973787,
      "rms": 0.16506510612092828,
      "peak_to_peak": 1.0063028783854033
    },
    "channel_4": {
      "snr_db": -65.66629367911045,
      "rms": 0.21441892429277412,
      "peak_to_peak": 1.0199809376500277
    },
    "channel_5": {
      "snr_db": -65.87910543390429,
      "rms": 0.31497029107276586,
      "peak_to_peak": 1.0477385025267536
    },
    "channel_6": {
      "snr_db": -63.75933440606914,
      "rms": 0.2763513324539082,
      "peak_to_peak": 1.0421243711186636
    },
    "channel_7": {
      "snr_db": -68.65904694786663,
      "rms": 0.19495661071032896,
      "peak_to_peak": 1.0259127603301088
    },
    "channel_8": {
      "snr_db": -66.03318219618728,
      "rms": 0.1896691461942824,
      "peak_to_peak": 0.9723577945036908
    },
    "channel_9": {
      "snr_db": -65.07652245321208,
      "rms": 0.2713670339528882,
      "peak_to_peak": 1.0096321698715656
    }
  },
  "n_cycles": 275,
  "coherence": {
    "delta": [
      [
        1.0,
        0.009957902407982003,
        0.122454178572213,
        0.05207995255386497,
        0.18293735945450468,
        0.2961444369779943,
        0.05380936073966003,
        0.10116895513360381,
        0.008155583169761286,
        0.08683473173929157
      ],
      [
        0.009957902407982003,
        1.0,
        0.025210994947038552,
        0.004354665791937051,
        0.038034558709436096,
        0.12489649310819259,
        0.01184843965192076,
        0.027281253913514297,
        0.052435979910220316,
        0.10621772211453732
      ],
      [
        0.122454178572213,
        0.025210994947038552,
        1.0,
        0.04394863590366734,
        0.47837594249597926,
        0.07893414118454695,
        0.09561515740357046,
        0.08294295548792495,
        0.03830861706953789,
        0.05082102038597138
      ],
      [
        0.05207995255386497,
        0.004354665791937051,
        0.04394863590366734,
        1.0,
        0.05081703994336094,
        0.004166115276888911,
        0.07412345576874818,
        0.007176568423138249,
        0.02812966786024857,
        0.02141138134280087
      ],
      [
        0.18293735945450468,
        0.038034558709436096,
        0.47837594249597926,
        0.05081703994336094,
        1.0,
        0.10166495989025959,
        0.19619940621454407,
        0.08503117168210916,
        0.02820788984245509,
        0.016064461341548653
      ],
      [
        0.2961444369779943,
        0.12489649310819259,
        0.07893414118454695,
        0.004166115276888911,
        0.10166495989025959,
        1.0,
        0.016285562156431305,
        0.13282019113260005,
        0.0030705888910299893,
        0.10038289475983717
      ],
      [
        0.05380936073966003,
        0.01184843965192076,
        0.09561515740357046,
        0.07412345576874818,
        0.19619940621454407,
        0.016285562156431305,
        1.0,
        0.050644616167528,
        0.00897945010153026,
        0.04270569044122659
      ],
      [
        0.10116895513360381,
        0.027281253913514297,
        0.08294295548792495,
        0.007176568423138249,
        0.08503117168210916,
        0.13282019113260005,
        0.050644616167528,
        1.0,
        0.05148729952437022,
        0.06777764870366529
      ],
      [
        0.008155583169761286,
        0.052435979910220316,
        0.03830861706953789,
        0.02812966786024857,
        0.02820788984245509,
        0.0030705888910299893,
        0.00897945010153026,
        0.05148729952437022,
        1.0,
        0.09121390187525544
      ],
      [
        0.08683473173929157,
        0.10621772211453732,
        0.05082102038597138,
        0.02141138134280087,
        0.016064461341548653,
        0.10038289475983717,
        0.04270569044122659,
        0.06777764870366529,
        0.09121390187525544,
        1.0
      ]
    ],
    "theta": [
      [
        1.0,
        0.01302905983061734,
        0.07925664841607279,
        0.042407720863622725,
        0.15187281747270018,
        0.22196390698340943,
        0.10284880203657366,
        0.15364523563038063,
        0.009747148539794925,
        0.09557367334922283
      ],
      [
        0.01302905983061734,
        1.0,
        0.015254266792293684,
        0.0054266314322677835,
        0.02534939422317399,
        0.1443546074357198,
        0.010071178033104573,
        0.011997594560777291,
        0.03657609754237669,
        0.08333369190407725
      ],
      [
        0.07925664841607279,
        0.015254266792293684,
        1.0,
        0.03872463088624726,
        0.3534418295569594,
        0.10573123417695263,
        0.041322844154000435,
        0.10659767798792605,
        0.04543581665590001,
        0.055346268965937556
      ],
      [
        0.042407720863622725,
        0.0054266314322677835,
        0.03872463088624726,
        1.0,
        0.05490068623064263,
        0.0022944935005702344,
        0.042408182258320194,
        0.010494157630191224,
        0.010848903519252452,
        0.020916361514498712
      ],
      [
        0.15187281747270018,
        0.02534939422317399,
        0.3534418295569594,
        0.05490068623064263,
        1.0,
        0.08450212360588785,
        0.17014443974242321,
        0.12259875361134755,
        0.04442975253836985,
        0.006629239032573026
      ],
      [
        0.22196390698340943,
        0.1443546074357198,
        0.10573123417695263,
        0.0022944935005702344,
        0.08450212360588785,
        1.0,
        0.001678089895962598,
        0.14488982457615132,
        0.0008797906645719262,
        0.08094116015226864
      ],
      [
        0.10284880203657366,
        0.010071178033104573,
        0.041322844154000435,
        0.042408182258320194,
        0.17014443974242321,
        0.001678089895962598,
        1.0,
        0.09148677545951452,
        0.010664029891108408,
        0.02733228510229321
      ],
      [
        0.15364523563038063,
        0.011997594560777291,
        0.10659767798792605,
        0.010494157630191224,
        0.12259875361134755,
        0.14488982457615132,
        0.09148677545951452,
        1.0,
        0.03572661151571584,
        0.05891005552124364
      ],
      [
        0.009747148539794925,
        0.03657609754237669,
        0.04543581665590001,
        0.010848903519252452,
        0.04442975253836985,
        0.0008797906645719262,
        0.010664029891108408,
        0.03572661151571584,
        1.0,
        0.11212612685184192
      ],
      [
        0.09557367334922283,
        0.08333369190407725,
        0.055346268965937556,
        0.020916361514498712,
        0.006629239032573026,
        0.08094116015226864,
        0.02733228510229321,
        0.05891005552124364,
        0.11212612685184192,
        1.0
      ]
    ],
    "alpha": [
      [
        1.0,
        0.09095275075217095,
        0.11400913190090378,
        0.002576691779926768,
        0.07208889838538607,
        0.2619899978226415,
        0.013299392998960212,
        0.06439375321740733,
        0.06644591510997173,
        0.0731704887306442
      ],
      [
        0.09095275075217095,
        1.0,
        0.08436084609583608,
        0.01104479277917352,
        0.08152532401255606,
        0.007433490847170969,
        0.028797711550441366,
        0.09195538814018968,
        0.14189008932569322,
        0.11465070664854406
      ],
      [
        0.11400913190090378,
        0.08436084609583608,
        1.0,
        0.07934379053084377,
        0.5467301537075374,
        0.015066020207844906,
        0.12131943188183457,
        0.11930039354649338,
        0.04668574955340345,
        0.06362104454575089
      ],
      [
        0.002576691779926768,
        0.01104479277917352,
        0.07934379053084377,
        1.0,
        0.14841449728699793,
        0.04329317225026408,
        0.10738872173760662,
        0.06581796713356033,
        0.026257096378980237,
        0.023981249236159043
      ],
      [
        0.07208889838538607,
        0.08152532401255606,
        0.5467301537075374,
        0.14841449728699793,
        1.0,
        0.0844064282043933,
        0.16529252657030763,
        0.16887721827648375,
        0.03683644959129935,
        0.008760468884243134
      ],
      [
        0.2619899978226415,
        0.007433490847170969,
        0.015066020207844906,
        0.04329317225026408,
        0.0844064282043933,
        1.0,
        0.11493091959035928,
        0.21437570030239142,
        0.0022997353619189018,
        0.0730643228216606
      ],
      [
        0.013299392998960212,
        0.028797711550441366,
        0.12131943188183457,
        0.10738872173760662,
        0.16529252657030763,
        0.11493091959035928,
        1.0,
        0.05301180992225491,
        0.009319555341982299,
        0.051829334923815785
      ],
      [
        0.06439375321740733,
        0.09195538814018968,
        0.11930039354649338,
        0.06581796713356033,
        0.16887721827648375,
        0.21437570030239142,
        0.05301180992225491,
        1.0,
        0.02913496601084499,
        0.057880495754150794
      ],
      [
        0.06644591510997173,
        0.14189008932569322,
        0.04668574955340345,
        0.026257096378980237,
        0.03683644959129935,
        0.0022997353619189018,
        0.009319555341982299,
        0.02913496601084499,
        1.0,
        0.15188171657043167
      ],
      [
        0.0731704887306442,
        0.11465070664854406,
        0.06362104454575089,
        0.023981249236159043,
        0.008760468884243134,
        0.0730643228216606,
        0.051829334923815785,
        0.057880495754150794,
        0.15188171657043167,
        1.0
      ]
    ],
    "beta": [
      [
        1.0,
        0.2984409337572106,
        0.14414640463122844,
        0.00130401354925865,
        0.09228633509805914,
        0.30473190219226753,
        0.08081978123516922,
        0.018991988655615723,
        0.13812415327372657,
        0.05519411866972693
      ],
      [
        0.2984409337572106,
        1.0,
        0.15674459608341001,
        0.01102778783334987,
        0.10735623192137858,
        0.006362656833065352,
        0.08317184111921716,
        0.08660823600157726,
        0.19516693938765395,
        0.07950376200796802
      ],
      [
        0.14414640463122844,
        0.15674459608341001,
        1.0,
        0.0657450824316915,
        0.6996806929748007,
        0.015246422661635853,
        0.13555795930492398,
        0.20350412026391249,
        0.051574301292388804,
        0.0405024881994708
      ],
      [
        0.00130401354925865,
        0.01102778783334987,
        0.0657450824316915,
        1.0,
        0.1540479930149965,
        0.10826749777371358,
        0.13570689575407666,
        0.055870205518223,
        0.02549392150631709,
        0.02954598297452682
      ],
      [
        0.09228633509805914,
        0.10735623192137858,
        0.6996806929748007,
        0.1540479930149965,
        1.0,
        0.061348798624158256,
        0.12254520509718933,
        0.17409530914469465,
        0.03328637149424916,
        0.0007665360027078309
      ],
      [
        0.30473190219226753,
        0.006362656833065352,
        0.015246422661635853,
        0.10826749777371358,
        0.061348798624158256,
        1.0,
        0.2910142959814974,
        0.3046131085960788,
        0.007959399220600728,
        0.08886447997333552
      ],
      [
        0.08081978123516922,
        0.08317184111921716,
        0.13555795930492398,
        0.13570689575407666,
        0.12254520509718933,
        0.2910142959814974,
        1.0,
        0.1786023553877406,
        0.02764780465879179,
        0.0681122159664939
      ],
      [
        0.018991988655615723,
        0.08660823600157726,
        0.20350412026391249,
        0.055870205518223,
        0.17409530914469465,
        0.3046131085960788,
        0.1786023553877406,
        1.0,
        0.07757739970648608,
        0.05631393242840969
      ],
      [
        0.13812415327372657,
        0.19516693938765395,
        0.051574301292388804,
        0.02549392150631709,
        0.03328637149424916,
        0.007959399220600728,
        0.02764780465879179,
        0.07757739970648608,
        1.0,
        0.17750169030414586
      ],
      [
        0.05519411866972693,
        0.07950376200796802,
        0.0405024881994708,
        0.02954598297452682,
        0.0007665360027078309,
        0.08886447997333552,
        0.0681122159664939,
        0.05631393242840969,
        0.17750169030414586,
        1.0
      ]
    ],
    "gamma": [
      [
        1.0,
        0.3663636851156399,
        0.1373502421600755,
        0.0029215842420045436,
        0.08750610700647561,
        0.30616740581119933,
        0.11485873660878856,
        0.005770299645883578,
        0.1527441101503179,
        0.02382085568437214
      ],
      [
        0.3663636851156399,
        1.0,
        0.1647151272604852,
        0.01176300892310892,
        0.10992823233060664,
        0.017630671387195946,
        0.10628132145874936,
        0.07348141580260352,
        0.185075761412878,
        0.03471967577481813
      ],
      [
        0.1373502421600755,
        0.1647151272604852,
        1.0,
        0.02911533591760159,
        0.713362447080973,
        0.006934790950999718,
        0.1182637037387702,
        0.2050862874142403,
        0.03752388902627668,
        0.0221300120682412
      ],
      [
        0.0029215842420045436,
        0.01176300892310892,
        0.02911533591760159,
        1.0,
        0.13126607819946315,
        0.12710490453544349,
        0.1140193355806441,
        0.04061468798964214,
        0.02031003124908559,
        0.030742797587583182
      ],
      [
        0.08750610700647561,
        0.10992823233060664,
        0.713362447080973,
        0.13126607819946315,
        1.0,
        0.02968255500625864,
        0.08103342808237682,
        0.1340718518982101,
        0.02668312298185941,
        0.0017117516943704724
      ],
      [
        0.30616740581119933,
        0.017630671387195946,
        0.006934790950999718,
        0.12710490453544349,
        0.02968255500625864,
        1.0,
        0.343483745155853,
        0.30040997554892446,
        0.011985049635770267,
        0.089022480083985
      ],
      [
        0.11485873660878856,
        0.10628132145874936,
        0.1182637037387702,
        0.1140193355806441,
        0.08103342808237682,
        0.343483745155853,
        1.0,
        0.2021370309786576,
        0.033402673547567194,
        0.062021069539074214
      ],
      [
        0.005770299645883578,
        0.07348141580260352,
        0.2050862874142403,
        0.04061468798964214,
        0.1340718518982101,
        0.30040997554892446,
        0.2021370309786576,
        1.0,
        0.07294394462374472,
        0.04395839197035103
      ],
      [
        0.1527441101503179,
        0.185075761412878,
        0.03752388902627668,
        0.02031003124908559,
        0.02668312298185941,
        0.011985049635770267,
        0.033402673547567194,
        0.07294394462374472,
        1.0,
        0.15883209794933406
      ],
      [
        0.02382085568437214,
        0.03471967577481813,
        0.0221300120682412,
        0.030742797587583182,
        0.0017117516943704724,
        0.089022480083985,
        0.062021069539074214,
        0.04395839197035103,
        0.15883209794933406,
        1.0
      ]
    ],
    "full": [
      [
        1.0,
        0.24226767507736874,
        0.13088545898359186,
        0.01299756101217975,
        0.10742402386090079,
        0.2943082628143928,
        0.0862569018845749,
        0.040399719382067406,
        0.10836318414121421,
        0.05248418297378603
      ],
      [
        0.24226767507736874,
        1.0,
        0.12312239410909791,
        0.009854380903404576,
        0.08938537884562692,
        0.03962962067442439,
        0.07128151851215406,
        0.06710427027287094,
        0.15302959317719353,
        0.06938717459135836
      ],
      [
        0.13088545898359186,
        0.12312239410909791,
        1.0,
        0.047270977118399976,
        0.6324968365815787,
        0.02879424478118719,
        0.11441714975050178,
        0.17163322312593238,
        0.04328118851148599,
        0.03794379749405541
      ],
      [
        0.01299756101217975,
        0.009854380903404576,
        0.047270977118399976,
        1.0,
        0.12134397126628188,
        0.08634726231359108,
        0.10853600588099618,
        0.03978611720239467,
        0.02283778291457124,
        0.027662945636329435
      ],
      [
        0.10742402386090079,
        0.08938537884562692,
        0.6324968365815787,
        0.12134397126628188,
        1.0,
        0.058926649316825126,
        0.12486028765711232,
        0.14063683164014454,
        0.031095621746221005,
        0.004549502544815166
      ],
      [
        0.2943082628143928,
        0.03962962067442439,
        0.02879424478118719,
        0.08634726231359108,
        0.058926649316825126,
        1.0,
        0.23312738796187993,
        0.2573390937902062,
        0.00777565760536962,
        0.08887243021591312
      ],
      [
        0.0862569018845749,
        0.07128151851215406,
        0.11441714975050178,
        0.10853600588099618,
        0.12486028765711232,
        0.23312738796187993,
        1.0,
        0.15160633801239046,
        0.024272851677627254,
        0.05747132403614685
      ],
      [
        0.040399719382067406,
        0.06710427027287094,
        0.17163322312593238,
        0.03978611720239467,
        0.14063683164014454,
        0.2573390937902062,
        0.15160633801239046,
        1.0,
        0.06483580757845918,
        0.053645656788316835
      ],
      [
        0.10836318414121421,
        0.15302959317719353,
        0.04328118851148599,
        0.02283778291457124,
        0.031095621746221005,
        0.00777565760536962,
        0.024272851677627254,
        0.06483580757845918,
        1.0,
        0.15004637677969523
      ],
      [
        0.05248418297378603,
        0.06938717459135836,
        0.03794379749405541,
        0.027662945636329435,
        0.004549502544815166,
        0.08887243021591312,
        0.05747132403614685,
        0.053645656788316835,
        0.15004637677969523,
        1.0
      ]
    ]
  },
  "correlation": [
    [
      0.9999999999999999,
      -0.4406950478268809,
      0.3778972859622378,
      0.1721307501248726,
      0.3465404155975943,
      -0.48392885794275103,
      0.4440696822654279,
      -0.07012341043319478,
      -0.21550287813669342,
      -0.04158860473912392
    ],
    [
      -0.4406950478268809,
      1.0,
      -0.1704275191318036,
      -0.15468621696949264,
      -0.18211770755091813,
      0.31005743171626793,
      -0.46911123362803386,
      0.024143225010439726,
      0.3985340162694262,
      0.05759453128983016
    ],
    [
      0.37789728596223776,
      -0.17042751913180362,
      1.0,
      0.2417842004623544,
      0.8131161716989814,
      -0.0204997631201635,
      -0.12933280881858114,
      0.3960603684906739,
      -0.028522999974278877,
      0.0837040910522898
    ],
    [
      0.1721307501248726,
      -0.15468621696949264,
      0.24178420046235444,
      1.0,
      0.40277037499861446,
      -0.2514431465670247,
      0.3282674892132184,
      0.006735818488498395,
      0.11595520387286265,
      -0.10992641080742957
    ],
    [
      0.3465404155975943,
      -0.1821177075509181,
      0.8131161716989814,
      0.40277037499861446,
      0.9999999999999999,
      -0.11584997324362638,
      -0.11323418612780846,
      0.3010664108845318,
      -0.0875058161590545,
      -0.14584724477524486
    ],
    [
      -0.48392885794275103,
      0.31005743171626793,
      -0.020499763120163505,
      -0.2514431465670247,
      -0.11584997324362636,
      1.0,
      -0.4970848214857001,
      0.4422128476048726,
      0.24434734353502874,
      0.35592760003103
    ],
    [
      0.4440696822654279,
      -0.4691112336280339,
      -0.12933280881858114,
      0.3282674892132184,
      -0.11323418612780846,
      -0.49708482148570005,
      1.0,
      -0.29359477805992046,
      -0.18159862341577226,
      -0.10192682548994879
    ],
    [
      -0.07012341043319478,
      0.024143225010439723,
      0.3960603684906739,
      0.006735818488498395,
      0.3010664108845318,
      0.4422128476048726,
      -0.2935947780599205,
      0.9999999999999998,
      -0.037721844324457805,
      0.24427425952017734
    ],
    [
      -0.21550287813669342,
      0.39853401626942614,
      -0.02852299997427888,
      0.11595520387286265,
      -0.0875058161590545,
      0.24434734353502874,
      -0.18159862341577226,
      -0.0377218443244578,
      1.0,
      0.49072951968663675
    ],
    [
      -0.04158860473912392,
      0.05759453128983016,
      0.08370409105228979,
      -0.10992641080742958,
      -0.14584724477524488,
      0.3559276000310301,
      -0.10192682548994879,
      0.24427425952017737,
      0.4907295196866367,
      1.0
    ]
  ],
  "mutual_information": [
    [
      0.0,
      0.818571037426166,
      0.5628105082447784,
      0.5232195347577159,
      0.5898249939717131,
      0.902070677515333,
      0.7693114424330545,
      0.4847781282023998,
      0.4872171851786587,
      0.5228285231503558
    ],
    [
      0.818571037426166,
      0.0,
      0.4499481163607442,
      0.4553487359483818,
      0.4520145287494161,
      0.7262783814651474,
      0.7328460388329071,
      0.5560746281433563,
      0.5039909321128744,
      0.5245505929768907
    ],
    [
      0.5628105082447784,
      0.4499481163607442,
      0.0,
      0.42483522914962624,
      0.9999999998894339,
      0.4297941678974306,
      0.5128990366825561,
      0.49693038686511437,
      0.37093033573388856,
      0.45639884629576316
    ],
    [
      0.5232195347577159,
      0.4553487359483818,
      0.42483522914962624,
      0.0,
      0.5626555845529742,
      0.4700978896842325,
      0.5274235009765609,
      0.4124547718878062,
      0.4328463380894626,
      0.4177815568251719
    ],
    [
      0.5898249939717131,
      0.4520145287494161,
      0.9999999998894339,
      0.5626555845529742,
      0.0,
      0.4838377375068024,
      0.4640920262610315,
      0.542474050820499,
      0.36222083662860916,
      0.5505470343036456
    ],
    [
      0.902070677515333,
      0.7262783814651474,
      0.4297941678974306,
      0.4700978896842325,
      0.4838377375068024,
      0.0,
      0.8364455648685418,
      0.5808694718346664,
      0.43941457597232314,
      0.6097249902693811
    ],
    [
      0.7693114424330545,
      0.7328460388329071,
      0.5128990366825561,
      0.5274235009765609,
      0.4640920262610315,
      0.8364455648685418,
      0.0,
      0.5583204327054374,
      0.46582426585478587,
      0.4768814593648755
    ],
    [
      0.4847781282023998,
      0.5560746281433563,
      0.49693038686511437,
      0.4124547718878062,
      0.542474050820499,
      0.5808694718346664,
      0.5583204327054374,
      0.0,
      0.4293089034501278,
      0.9574579011088766
    ],
    [
      0.4872171851786587,
      0.5039909321128744,
      0.37093033573388856,
      0.4328463380894626,
      0.36222083662860916,
      0.43941457597232314,
      0.46582426585478587,
      0.4293089034501278,
      0.0,
      0.5123959970689588
    ],
    [
      0.5228285231503558,
      0.5245505929768907,
      0.45639884629576316,
      0.4177815568251719,
      0.5505470343036456,
      0.6097249902693811,
      0.4768814593648755,
      0.9574579011088766,
      0.5123959970689588,
      0.0
    ]
  ],
  "network": {
    "global_metrics": {
      "n_nodes": 10,
      "n_edges": 11,
      "density": 0.24444444444444444,
      "is_connected": false,
      "diameter": 5,
      "average_path_length": 2.388888888888889,
      "global_efficiency": 0.565277777777778,
      "largest_component_size": 9,
      "avg_clustering": 0.3,
      "transitivity": 0.3157894736842105,
      "assortativity": 0.025316455696202795,
      "small_worldness": 0.0,
      "modularity": 0.3756133624075721
    },
    "nodal_metrics": {
      "LT_TA": {
        "degree": 3,
        "degree_centrality": 0.3333333333333333,
        "betweenness_centrality": 0.4305555555555555,
        "closeness_centrality": 0.5079365079365079,
        "eigenvector_centrality": 0.3447714037313632,
        "pagerank": 0.12939701444034307,
        "clustering": 0
      },
      "LT_GL": {
        "degree": 2,
        "degree_centrality": 0.2222222222222222,
        "betweenness_centrality": 0.3333333333333333,
        "closeness_centrality": 0.4183006535947712,
        "eigenvector_centrality": 0.14028114653859178,
        "pagerank": 0.09816307349736111,
        "clustering": 0
      },
      "LT_RF": {
        "degree": 3,
        "degree_centrality": 0.3333333333333333,
        "betweenness_centrality": 0.16666666666666666,
        "closeness_centrality": 0.4444444444444444,
        "eigenvector_centrality": 0.4223146041098157,
        "pagerank": 0.14642548239637734,
        "clustering": 0.3333333333333333
      },
      "LT_HAM": {
        "degree": 0,
        "degree_centrality": 0.0,
        "betweenness_centrality": 0.0,
        "closeness_centrality": 0.0,
        "eigenvector_centrality": 1.4824059920926603e-17,
        "pagerank": 0.016393442622950824,
        "clustering": 0
      },
      "LT_VL": {
        "degree": 2,
        "degree_centrality": 0.2222222222222222,
        "betweenness_centrality": 0.0,
        "closeness_centrality": 0.35555555555555557,
        "eigenvector_centrality": 0.3329191820458967,
        "pagerank": 0.1206928252515073,
        "clustering": 1.0
      },
      "RT_TA": {
        "degree": 3,
        "degree_centrality": 0.3333333333333333,
        "betweenness_centrality": 0.16666666666666666,
        "closeness_centrality": 0.4444444444444444,
        "eigenvector_centrality": 0.4223146041098157,
        "pagerank": 0.13941936045537842,
        "clustering": 0.3333333333333333
      },
      "RT_GL": {
        "degree": 2,
        "degree_centrality": 0.2222222222222222,
        "betweenness_centrality": 0.0,
        "closeness_centrality": 0.35555555555555557,
        "eigenvector_centrality": 0.3329191820458967,
        "pagerank": 0.07327179826889547,
        "clustering": 1.0
      },
      "RT_RF": {
        "degree": 4,
        "degree_centrality": 0.4444444444444444,
        "betweenness_centrality": 0.09722222222222221,
        "closeness_centrality": 0.3950617283950617,
        "eigenvector_centrality": 0.5287420871272642,
        "pagerank": 0.12130367886718169,
        "clustering": 0.3333333333333333
      },
      "RT_HAM": {
        "degree": 2,
        "degree_centrality": 0.2222222222222222,
        "betweenness_centrality": 0.19444444444444442,
        "closeness_centrality": 0.3232323232323232,
        "eigenvector_centrality": 0.05596615395366234,
        "pagerank": 0.09750762166598002,
        "clustering": 0
      },
      "RT_VL": {
        "degree": 1,
        "degree_centrality": 0.1111111111111111,
        "betweenness_centrality": 0.0,
        "closeness_centrality": 0.24521072796934865,
        "eigenvector_centrality": 0.019592365089100207,
        "pagerank": 0.057425702534025014,
        "clustering": 0
      }
    },
    "communities": {
      "LT_TA": 0,
      "LT_GL": 0,
      "LT_RF": 1,
      "LT_HAM": 2,
      "LT_VL": 1,
      "RT_TA": 3,
      "RT_GL": 3,
      "RT_RF": 3,
      "RT_HAM": 0,
      "RT_VL": 0
    }
  },
  "analysis_time": 108.21448278427124
}